165645 166254 610
201466 214230 12765
222488 224376 1889
269705 270797 1093
279485 279668 184
279750 279960 211
287962 289200 1239
312841 313248 408
350495 351427 933
355777 357283 1507
489419 490717 1299
516087 517240 1154
517282 524515 7234
524728 526482 1755
528440 531222 2783
533092 533378 287
535224 537335 2112
539928 540113 186
541795 541975 181
546935 547224 290
556745 557840 1096
559298 560349 1052
566120 569649 3530
572904 579892 6989
588627 590004 1378
590094 590360 267
595884 597772 1889
600085 600446 362
631021 631203 183
648095 649326 1232
707292 715843 8552
724281 726099 1819
838832 839906 1075
841527 841681 155
843021 843751 731
869963 870576 614
958167 958847 681
990977 993225 2249
1086613 1087002 390
1092852 1093197 346
1122242 1122451 210
1145100 1145437 338
1171863 1172449 587
1220804 1222808 2005
1223867 1227508 3642
1232711 1233430 720
1236033 1236243 211
1292192 1294783 2592
1295078 1295493 416
1301671 1301939 269
1302016 1302794 779
1341098 1342097 1000
1342842 1343435 594
1402264 1402865 602
1463704 1464990 1287
1488064 1489356 1293
1626412 1627652 1241
1737175 1738007 833
1831375 1831563 189
1837476 1838987 1512
1839755 1840168 414
1848892 1849595 704
1854193 1854351 159
1862062 1863352 1291
1869425 1869712 288
1895159 1895766 608
1897360 1899284 1925
1899676 1899876 201
1911923 1912166 244
1912241 1913923 1683
1913997 1914156 160
1914710 1915217 508
1915401 1918716 3316
1919068 1921744 2677
1922318 1933874 11557
1934188 1934660 473
1935084 1936543 1460
1936944 1949668 12725
1955079 1957194 2116
1958005 1994277 36273
2008534 2009762 1229
2012468 2015670 3203
2022394 2022719 326
2030589 2032993 2405
2042501 2044779 2279
2047099 2048512 1414
2050225 2051086 862
2051477 2052869 1393
2052892 2058583 5692
2058973 2059185 213
2059260 2061201 1942
2062031 2063637 1607
2080565 2081253 689
2081673 2082124 452
2308164 2309429 1266
2313522 2316955 3434
2333122 2334421 1300
2417181 2417483 303
2510307 2513246 2940
2513663 2514548 886
2514895 2522578 7684
2523065 2523246 182
2525436 2532545 7110
2532799 2534859 2061
2535132 2538934 3803
2541015 2541203 189
2543640 2546591 2952
2547499 2548033 535
2558390 2559465 1076
2603697 2604983 1287
2662674 2663070 397
2690302 2691779 1478
2724995 2726553 1559
2731909 2733785 1877
2749186 2749361 176
2880233 2880776 544
2919931 2921217 1287
3000093 3000247 155
3000344 3000964 621
3003385 3004609 1225
3038316 3040004 1689
3051398 3052319 922
3087476 3092935 5460
3123776 3124768 993
3133505 3134386 882
3239136 3240804 1669
3241849 3243948 2100
3251333 3263478 12146
3267748 3269003 1256
3275019 3275243 225
3294738 3295805 1068
3335458 3335653 196
3365928 3367166 1239
3399703 3400248 546
3408669 3408833 165
3443931 3450104 6174
3452487 3457579 5093
3461295 3465676 4382
3466016 3469219 3204
3469605 3469779 175
3470459 3477302 6844
3513354 3516672 3319
3517470 3521289 3820
3536227 3537998 1772
3538104 3540484 2381
3540512 3543407 2896
3543448 3546272 2825
3565786 3567603 1818
3575293 3575484 192
3575696 3579264 3569
3632877 3633049 173
3719407 3719641 235
3720269 3721423 1155
3721938 3722092 155
3740143 3743156 3014
3759804 3760730 927
3794097 3795584 1488
3819696 3825014 5319
3831092 3832988 1897
3834303 3835838 1536
3837312 3838746 1435
3840927 3842407 1481
3850306 3852478 2173
3857179 3859540 2362
3863646 3864270 625
3886637 3886854 218
3916018 3916975 958
3919669 3919913 245
3927132 3928896 1765
3939138 3940777 1640
3942601 3943928 1328
3947568 3957615 10048
3957773 3957982 210
3959874 3960301 428
3994175 3994873 699
3999908 4001399 1492
