24354 24540 187
25650 25833 184
62086 62591 506
82996 83553 558
154752 155053 302
162442 162597 156
166791 166980 190
168035 168195 161
169792 170109 318
172924 173200 277
179438 179921 484
186121 186725 605
202144 204940 2797
213274 218747 5474
219638 220137 500
220319 226299 5981
228213 228568 356
229397 230705 1309
235788 239829 4042
242061 243778 1718
245088 247797 2710
249532 250564 1033
254982 255408 427
255935 256738 804
276581 276753 173
277487 278268 782
279725 281477 1753
282223 283745 1523
286947 289226 2280
290846 292240 1395
292881 293323 443
294653 298296 3644
299118 300143 1026
303034 303932 899
305612 306263 652
315439 315962 524
318975 320662 1688
325705 325952 248
327048 327429 382
339522 339808 287
340728 342334 1607
343781 343953 173
353833 354362 530
360772 361244 473
362105 362409 305
363477 363804 328
369137 370147 1011
372460 373195 736
374026 374385 360
375880 376216 337
378893 379578 686
393130 393750 621
397577 397774 198
399940 400398 459
403079 405115 2037
407235 408156 922
409010 409165 156
415186 415979 794
419288 423331 4044
424081 428457 4377
442407 442577 171
450768 451156 389
452819 454873 2055
458904 459226 323
463633 463923 291
464819 465083 265
470144 471190 1047
473119 473720 602
479203 479537 335
484676 485754 1079
486723 486940 218
488577 488949 373
490611 490775 165
491880 492058 179
495564 495964 401
502588 502745 158
503924 504148 225
505396 506212 817
512642 512793 152
514775 514986 212
524252 525664 1413
530302 531341 1040
536107 536397 291
546015 546511 497
546634 547088 455
548319 549447 1129
550138 553510 3373
554166 556574 2409
556946 559045 2100
561173 563606 2434
564586 566222 1637
566788 567595 808
568131 570357 2227
572798 572961 164
573398 574559 1162
575774 579548 3775
581391 581639 249
585104 592515 7412
593239 596276 3038
596464 597210 747
597306 604732 7427
606664 608256 1593
608845 609011 167
614866 617056 2191
621595 625167 3573
626537 634873 8337
652142 664782 12641
670805 671125 321
674805 676061 1257
676236 676423 188
676511 677927 1417
680252 681031 780
683639 683949 311
684789 685525 737
686323 686717 395
687861 688076 216
689229 689542 314
691177 691384 208
696786 697037 252
699567 699817 251
717109 717830 722
724160 725909 1750
732163 732353 191
736156 736315 160
738985 739356 372
739478 746488 7011
746567 747062 496
747119 747288 170
748074 748637 564
749599 750846 1248
751519 751985 467
752120 752296 177
753167 755763 2597
757327 758421 1095
760378 761098 721
766150 767646 1497
769898 770452 555
776314 776564 251
777466 777813 348
784061 784786 726
785691 787855 2165
788672 791373 2702
795559 795875 317
805342 805507 166
808327 808856 530
813738 814320 583
817253 817783 531
818902 822885 3984
833013 833632 620
845604 850259 4656
857797 858373 577
859738 861290 1553
861299 861550 252
875029 876294 1266
878047 878670 624
880831 881194 364
882102 883313 1212
884087 884518 432
885303 887709 2407
898677 909002 10326
909761 911160 1400
911982 913944 1963
914725 915480 756
917489 917827 339
918862 919097 236
920645 921395 751
922492 923139 648
925798 926140 343
928696 929935 1240
931900 933635 1736
953350 953723 374
954232 954894 663
957708 959243 1536
962435 963162 728
964790 966371 1582
971177 972516 1340
980172 981067 896
983374 983844 471
984728 985270 543
989457 990549 1093
991416 992263 848
994653 994841 189
995670 996033 364
1001613 1002074 462
1006124 1006705 582
1013253 1013487 235
1016906 1017868 963
1026306 1026699 394
1026960 1028158 1199
1030640 1030889 250
1033954 1035315 1362
1039878 1041395 1518
1042850 1043802 953
1044979 1045372 394
1046645 1047585 941
1048427 1048577 151
1050464 1052622 2159
1055487 1055979 493
1059216 1059372 157
1061640 1062990 1351
1065863 1068594 2732
1079031 1079688 658
1082854 1083203 350
1091353 1091718 366
1092908 1093395 488
1093838 1094656 819
1095803 1096613 811
1102137 1102684 548
1108462 1109027 566
1109540 1112747 3208
1114238 1115158 921
1117749 1118748 1000
1119474 1119778 305
1122589 1123143 555
1124994 1131009 6016
1132206 1135733 3528
1140689 1141220 532
1145362 1147347 1986
1150555 1150768 214
1151339 1151851 513
1153626 1154527 902
1155227 1156006 780
1158974 1160451 1478
1162674 1163847 1174
1165367 1167544 2178
1168021 1169349 1329
1172892 1175783 2892
1176577 1178738 2162
1179979 1180144 166
1182396 1185000 2605
1185212 1185392 181
1185942 1187689 1748
1196559 1198089 1531
1213843 1214715 873
1225541 1226791 1251
1230196 1230740 545
1238838 1239378 541
1244068 1244402 335
1247038 1247309 272
1261018 1261375 358
1262949 1263347 399
1265856 1269728 3873
1270180 1270435 256
1275644 1276220 577
1276230 1279949 3720
1280421 1280654 234
1281194 1281563 370
1283084 1284511 1428
1285310 1285496 187
1293773 1294199 427
1296233 1297478 1246
1300867 1301134 268
1302140 1308720 6581
1310937 1312142 1206
1314393 1315763 1371
1318733 1320625 1893
1330531 1330807 277
1334953 1337923 2971
1341776 1342160 385
1343495 1345213 1719
1346217 1346517 301
1354028 1354199 172
1357487 1357883 397
1372556 1372780 225
1373896 1374409 514
1375215 1375716 502
1379835 1380267 433
1382435 1382673 239
1384737 1385333 597
1387421 1388083 663
1390387 1390968 582
1393018 1394279 1262
1399357 1399744 388
1401261 1401671 411
1407123 1409667 2545
1416449 1416618 170
1428692 1429078 387
1431215 1431502 288
1438447 1439201 755
1441820 1443984 2165
1446692 1447562 871
1452806 1453410 605
1462948 1463193 246
1464142 1465017 876
1465595 1465931 337
1476947 1477898 952
1478943 1481275 2333
1481564 1481757 194
1481855 1482064 210
1495779 1496393 615
1498418 1498915 498
1500919 1501848 930
1503263 1504870 1608
1514755 1515403 649
1519683 1520198 516
1522584 1523077 494
1526055 1526268 214
1533833 1533999 167
1539795 1539980 186
1542360 1543604 1245
1544556 1544924 369
1545000 1545495 496
1557776 1557994 219
1565036 1565199 164
1583178 1583537 360
1599680 1599844 165
1601884 1602421 538
1625158 1625509 352
1636615 1637029 415
1640002 1640235 234
1651936 1652461 526
1663143 1663543 401
1668432 1668912 481
1671140 1671643 504
1678628 1679139 512
1698635 1698863 229
1710193 1711262 1070
1713395 1713629 235
1753281 1753966 686
1755245 1755408 164
1755581 1756164 584
1758940 1759927 988
1770467 1770741 275
1771582 1771843 262
1772584 1772792 209
1780237 1781521 1285
1782371 1782714 344
1784740 1786257 1518
1796980 1797257 278
1804048 1804928 881
1811124 1812657 1534
1813492 1813854 363
1815216 1816424 1209
1817196 1817734 539
1820002 1820169 168
1825531 1826136 606
1829952 1830583 632
1838980 1839216 237
1843713 1844419 707
1847729 1847977 249
1853347 1854298 952
1855098 1855333 236
1857004 1857331 328
1860440 1861372 933
1872648 1873124 477
1873671 1873968 298
1875725 1876064 340
1879842 1881051 1210
1881974 1883141 1168
1883682 1896403 12722
1896916 1897799 884
1899351 1899957 607
1901799 1902468 670
1903093 1904525 1433
1905317 1907280 1964
1907316 1914331 7016
1914558 1915009 452
1915674 1916024 351
1916487 1916665 179
1938580 1939317 738
1940409 1941012 604
1941617 1942441 825
1945694 1945885 192
1951631 1951950 320
1952659 1954276 1618
1955698 1956932 1235
1957177 1958456 1280
1959359 1959625 267
1960418 1960780 363
1963267 1963533 267
1963767 1965045 1279
1965738 1965992 255
1966837 1967420 584
1968723 1968908 186
1969547 1970369 823
1971622 1972235 614
1972532 1973617 1086
1976855 1977136 282
1977906 1978139 234
1983312 1984128 817
1985008 1985622 615
1987640 1987914 275
1989213 1989438 226
1990697 1993315 2619
1998218 2002471 4254
2003027 2003261 235
2004579 2005143 565
2006176 2006779 604
2006799 2008506 1708
2012550 2013427 878
2019681 2021191 1511
2024295 2024737 443
2025679 2025914 236
2027175 2033025 5851
2033557 2041921 8365
2044830 2047651 2822
2049601 2050028 428
2050060 2056214 6155
2056235 2057920 1686
2058439 2061489 3051
2061655 2061973 319
2063515 2063809 295
2064744 2069256 4513
2069580 2069741 162
2070183 2070781 599
2070805 2071166 362
2073693 2073967 275
2074264 2076046 1783
2078764 2078988 225
2079580 2080252 673
2080549 2080990 442
2081660 2082305 646
2087055 2087447 393
2088200 2089102 903
2090587 2090958 372
2092345 2092846 502
2096197 2096350 154
2097657 2099430 1774
2103633 2103831 199
2104669 2105349 681
2106881 2107051 171
2116705 2118839 2135
2121431 2121986 556
2125133 2125702 570
2126877 2127349 473
2128829 2129695 867
2133753 2134902 1150
2139579 2139822 244
2141045 2141514 470
2143249 2144817 1569
2147875 2148640 766
2149415 2149800 386
2151342 2152316 975
2152963 2153215 253
2153351 2153599 249
2153723 2154041 319
2154215 2159484 5270
2160414 2161134 721
2161809 2162112 304
2163098 2164363 1266
2164615 2164921 307
2165623 2169364 3742
2169497 2169883 387
2170026 2186884 16859
2187788 2191270 3483
2192491 2193054 564
2193275 2193609 335
2193759 2195047 1289
2195855 2196365 511
2196411 2197941 1531
2198901 2199529 629
2199596 2200313 718
2200411 2201956 1546
2202060 2202215 156
2202483 2203142 660
2206514 2206748 235
2207578 2208403 826
2209136 2211892 2757
2212875 2213043 169
2213578 2214795 1218
2215275 2216964 1690
2218309 2218944 636
2222180 2222424 245
2226603 2227106 504
2227386 2227561 176
2227623 2229290 1668
2229424 2229870 447
2230328 2235286 4959
2235395 2241988 6594
2242625 2244214 1590
2244549 2244719 171
2246154 2246473 320
2246700 2247161 462
2247939 2248782 844
2249584 2249884 301
2250704 2270976 20273
2272123 2272458 336
2275201 2276008 808
2278175 2279863 1689
2280072 2280300 229
2280391 2280597 207
2280879 2287044 6166
2288851 2289347 497
2296223 2297453 1231
2299663 2299956 294
2305111 2305265 155
2312852 2315489 2638
2316446 2316673 228
2317498 2317973 476
2321929 2322256 328
2334103 2334728 626
2335691 2336053 363
2343530 2344807 1278
2350894 2351623 730
2356359 2356632 274
2359315 2359690 376
2361357 2361863 507
2368032 2368604 573
2370522 2371023 502
2373965 2374333 369
2376577 2376802 226
2393137 2394078 942
2407098 2407368 271
2408135 2409025 891
2412869 2414078 1210
2415816 2416584 769
2432941 2433287 347
2433564 2435317 1754
2437079 2437708 630
2438712 2439403 692
2451432 2451597 166
2453534 2453740 207
2462368 2463378 1011
2466173 2466373 201
2466420 2466626 207
2466831 2468353 1523
2469897 2470863 967
2473494 2474644 1151
2477353 2477656 304
2482661 2482941 281
2487304 2487509 206
2493927 2496749 2823
2500590 2501032 443
2503898 2504368 471
2505290 2506037 748
2508171 2508512 342
2509630 2509912 283
2512817 2514168 1352
2514933 2518017 3085
2524439 2524924 486
2547724 2548035 312
2548097 2548776 680
2556519 2557609 1091
2560149 2560585 437
2571895 2572513 619
2573274 2573948 675
2575047 2575820 774
2578530 2578932 403
2582042 2582477 436
2587155 2588575 1421
2589708 2590132 425
2591281 2591488 208
2598399 2598620 222
2619124 2619428 305
2633234 2633858 625
2638063 2639173 1111
2639998 2641464 1467
2648146 2650092 1947
2650501 2652394 1894
2653335 2655160 1826
2655753 2659225 3473
2659394 2660435 1042
2661450 2664427 2978
2665057 2668943 3887
2669729 2670846 1118
2672280 2673513 1234
2674355 2679476 5122
2679558 2679886 329
2679906 2685769 5864
2685820 2689869 4050
2689909 2691308 1400
2691435 2693291 1857
2693387 2693770 384
2694183 2699224 5042
2699410 2701278 1869
2701803 2716358 14556
2718801 2720527 1727
2720557 2721634 1078
2721874 2730518 8645
2730893 2734775 3883
2735596 2735980 385
2736068 2736986 919
2737806 2740663 2858
2740897 2741334 438
2741774 2742108 335
2742143 2747971 5829
2748914 2753178 4265
2754040 2770401 16362
2771229 2773676 2448
2778468 2778629 162
2783957 2784278 322
2803293 2804774 1482
2813527 2813925 399
2819279 2820194 916
2838840 2839886 1047
2840513 2843105 2593
2843919 2844232 314
2848568 2849025 458
2864796 2866204 1409
2870415 2871992 1578
2875456 2875861 406
2897705 2898067 363
2898115 2899468 1354
2913827 2914055 229
2953663 2954051 389
2969256 2970320 1065
2982989 2983944 956
2998694 3009911 11218
3020464 3020632 169
3021692 3021986 295
3029599 3029996 398
3034564 3034993 430
3040540 3040823 284
3051266 3052240 975
3062138 3063723 1586
3064868 3065293 426
3067603 3068112 510
3070241 3071975 1735
3073015 3073891 877
3078191 3078404 214
3079233 3081176 1944
3091794 3092189 396
3095235 3102244 7010
3107054 3107227 174
3108672 3108856 185
3116065 3116233 169
3123887 3124444 558
3125365 3125551 187
3132762 3133116 355
3137087 3137380 294
3139943 3140136 194
3141315 3144538 3224
3145392 3146625 1234
3147394 3147766 373
3154779 3155641 863
3156400 3156624 225
3157456 3158812 1357
3159272 3159593 322
3159668 3160915 1248
3161123 3161296 174
3161324 3163025 1702
3179893 3180482 590
3190090 3190492 403
3193397 3193750 354
3194733 3194982 250
3197789 3198559 771
3204495 3204842 348
3205800 3206104 305
3208109 3208398 290
3208918 3209374 457
3215826 3216182 357
3218670 3219732 1063
3222791 3223372 582
3227927 3228164 238
3229917 3230987 1071
3241638 3241843 206
3254407 3256438 2032
3263808 3264216 409
3264231 3264393 163
3266150 3268900 2751
3269775 3276900 7126
3280237 3281094 858
3283022 3284586 1565
3285825 3287019 1195
3288925 3289236 312
3290070 3291191 1122
3291265 3291445 181
3291983 3293162 1180
3305329 3305526 198
3311668 3312817 1150
3327201 3328281 1081
3330590 3331891 1302
3331956 3335810 3855
3336167 3340883 4717
3342981 3343951 971
3353926 3354524 599
3355060 3355590 531
3374621 3374798 178
3376789 3378808 2020
3380563 3382148 1586
3386244 3386795 552
3391758 3394021 2264
3397210 3397904 695
3398970 3399909 940
3400692 3402313 1622
3405804 3406323 520
3407856 3408111 256
3411662 3411824 163
3412810 3413427 618
3419545 3420543 999
3422481 3422641 161
3423767 3426712 2946
3427658 3427823 166
3430305 3430966 662
3433076 3433429 354
3447544 3449426 1883
3449823 3450676 854
3455402 3456229 828
3458946 3459201 256
3464070 3467581 3512
3472077 3473274 1198
3492429 3493129 701
3495812 3510188 14377
3516408 3516840 433
3518843 3520335 1493
3521244 3521714 471
3523060 3523800 741
3532063 3532260 198
3532835 3534166 1332
3534902 3535756 855
3541901 3545793 3893
3546898 3558929 12032
3568145 3568582 438
3576487 3577098 612
3579624 3582889 3266
3587451 3587656 206
3589883 3590616 734
3592541 3592808 268
3598156 3598737 582
3599615 3600319 705
3601990 3606731 4742
3609152 3609418 267
3615810 3616224 415
3617662 3617864 203
3620206 3620364 159
3633241 3633884 644
3639248 3639657 410
3648093 3648386 294
3650273 3650597 325
3654691 3654954 264
3659111 3659830 720
3660675 3662669 1995
3664062 3664747 686
3666559 3666944 386
3667029 3673292 6264
3676337 3680492 4156
3681401 3682429 1029
3683263 3684760 1498
3687923 3689280 1358
3690557 3690743 187
3691901 3692492 592
3702184 3702853 670
3704765 3705901 1137
3705913 3706078 166
3706588 3707293 706
3712204 3715996 3793
3718659 3718985 327
3724338 3726196 1859
3728330 3729754 1425
3739439 3739822 384
3741592 3743216 1625
3749914 3750731 818
3751843 3752332 490
3755576 3756275 700
3761564 3761929 366
3764336 3764522 187
3765549 3765738 190
3769250 3769401 152
3769567 3769937 371
3780068 3780362 295
3795789 3795957 169
3817883 3818253 371
3819073 3819470 398
3823178 3823474 297
3846859 3847314 456
3847571 3847800 230
3854146 3858953 4808
3862670 3863500 831
3867395 3875774 8380
3876479 3877440 962
3880570 3880893 324
3885112 3885370 259
3886016 3888846 2831
3889678 3890885 1208
3891653 3891811 159
3898363 3898752 390
3899484 3900401 918
3905259 3905840 582
3910097 3910582 486
3911889 3912039 151
3924696 3924861 166
3926134 3930707 4574
3931397 3931676 280
3934299 3935571 1273
3937559 3938155 597
3938157 3938335 179
3939864 3941711 1848
3942060 3943085 1026
3945869 3946248 380
3948389 3949951 1563
3955693 3957225 1533
3962401 3962918 518
3964887 3965139 253
3967048 3968939 1892
3970273 3970875 603
3972073 3972687 615
3973853 3974121 269
3981220 3983194 1975
3986309 3987803 1495
3989493 3989765 273
3991249 3992538 1290
3997245 3998881 1637
4000505 4001116 612
4004365 4004758 394
4010287 4011751 1465
4012753 4013353 601
4014151 4015796 1646
4016916 4017498 583
4019304 4024367 5064
4024671 4031052 6382
4035864 4036310 447
4036399 4038785 2387
4038834 4039055 222
4040990 4041369 380
4053951 4056778 2828
4062323 4062647 325
4068160 4069573 1414
4077601 4077862 262
4078694 4078991 298
4086272 4087893 1622
4091477 4091630 154
4093694 4093936 243
4095274 4104301 9028
4105480 4106428 949
4108045 4109186 1142
4121088 4121328 241
4121801 4124099 2299
4126068 4127910 1843
4130067 4134120 4054
4137271 4137627 357
4139467 4141681 2215
4147188 4147355 168
4148014 4148854 841
4150967 4151328 362
4160893 4162754 1862
4170375 4170736 362
4171371 4175938 4568
4176479 4176900 422
4177475 4185142 7668
4185723 4189392 3670
4189585 4191105 1521
4191918 4194613 2696
4195755 4196342 588
4197416 4197779 364
4204484 4204865 382
