237 1170 934
3975 4291 317
4383 5106 724
5374 7061 1688
14661 15252 592
17273 18643 1371
19994 21268 1275
21309 22884 1576
22933 23266 334
23862 24081 220
25319 27293 1975
27354 27635 282
28494 28754 261
28816 29664 849
29771 30173 403
31481 32136 656
32322 35062 2741
36332 36518 187
36728 37714 987
41636 41911 276
42331 42556 226
44090 44561 472
44581 48136 3556
49122 49392 271
51655 52044 390
56268 56778 511
60242 60684 443
61176 61402 227
61472 62306 835
64231 68472 4242
69801 72278 2478
73013 73245 233
74289 76779 2491
79101 80825 1725
81485 84742 3258
87326 89224 1899
90449 95168 4720
106046 106270 225
112514 118419 5906
124480 125111 632
128812 129225 414
129894 131297 1404
132886 133103 218
133517 134629 1113
135241 135585 345
136995 137851 857
137871 138089 219
139241 139806 566
140426 140900 475
141546 142422 877
143043 144707 1665
146970 147534 565
148974 149384 411
152220 154295 2076
156643 157138 496
159440 159842 403
170508 170660 153
171284 171618 335
176957 177890 934
184019 186108 2090
192187 192600 414
198757 207811 9055
208459 209337 879
209690 214060 4371
214545 215224 680
215321 215546 226
216421 216944 524
218421 219717 1297
221559 222406 848
227247 229097 1851
231145 231829 685
234634 235163 530
237436 237977 542
238652 239186 535
245208 246228 1021
246980 248632 1653
248800 249171 372
254175 258102 3928
269700 270378 679
270939 272117 1179
273858 274077 220
275729 276163 435
278736 278974 239
279566 280970 1405
288536 289493 958
291125 296460 5336
298547 299363 817
301716 301883 168
306704 306913 210
311118 311830 713
316960 317282 323
319286 319986 701
321190 327437 6248
327527 327886 360
337712 338564 853
340554 341623 1070
343357 343744 388
345090 345267 178
347876 348563 688
349166 350576 1411
351199 351769 571
352374 354482 2109
359417 359629 213
360498 363241 2744
367981 368985 1005
369549 370341 793
371048 372623 1576
373288 374132 845
375961 376504 544
377362 377762 401
379263 380117 855
381076 381904 829
384401 384935 535
386099 386250 152
387378 388796 1419
390553 391543 991
391563 392516 954
411946 412392 447
412703 413246 544
413941 414928 988
418170 418345 176
421440 422187 748
423786 425074 1289
429582 431165 1584
438635 439709 1075
441842 442621 780
443342 443721 380
443793 444496 704
445126 445375 250
448439 449695 1257
450539 455123 4585
456095 456470 376
457127 457593 467
458345 458884 540
462874 463670 797
465023 465739 717
469541 470400 860
472286 472486 201
476568 477266 699
477887 478038 152
478711 478894 184
480496 481670 1175
482313 482484 172
483966 484231 266
489855 490877 1023
491485 492710 1226
494894 495118 225
495728 496040 313
496060 496352 293
497172 497335 164
497938 498095 158
499694 500186 493
501282 504011 2730
505974 506149 176
507802 508061 260
508912 509065 154
510843 512552 1710
513865 515021 1157
515991 516555 565
517663 518777 1115
519432 519845 414
521556 523848 2293
526607 527394 788
530438 531985 1548
534247 535767 1521
538422 541374 2953
551607 552583 977
553151 553421 271
555615 555816 202
563696 564285 590
565291 566005 715
567473 568083 611
573572 574237 666
579087 579261 175
579901 582774 2874
583169 586253 3085
586319 587680 1362
587701 590721 3021
592115 592851 737
592880 593159 280
596393 596841 449
599493 600251 759
601986 602149 164
603276 603950 675
608680 609430 751
613401 615394 1994
617932 618166 235
618677 619302 626
619381 619531 151
619575 619820 246
620237 620972 736
622646 623673 1028
624273 625152 880
628000 628922 923
630983 631708 726
632125 633521 1397
635016 636532 1517
636939 638634 1696
639258 639459 202
640360 640722 363
641989 642586 598
642615 644971 2357
645596 647970 2375
649041 649389 349
651507 651866 360
652428 652752 325
661406 663186 1781
668985 669264 280
678787 679875 1089
689403 689740 338
690610 692084 1475
695356 696145 790
704026 704778 753
709424 709875 452
712283 712783 501
719842 720064 223
721981 723418 1438
729684 730738 1055
733513 739486 5974
739972 741558 1587
741974 742616 643
744072 744320 249
744997 745369 373
746707 746960 254
747559 747782 224
749375 749679 305
753585 755150 1566
755829 756125 297
757304 758744 1441
762080 762531 452
763176 764591 1416
765047 765358 312
766723 767957 1235
769586 769957 372
773448 774598 1151
784507 784976 470
787036 787248 213
788897 791615 2719
795131 795596 466
796377 796759 383
798193 799685 1493
800612 800990 379
805980 806340 361
807613 807969 357
808552 808747 196
812030 812579 550
821797 822112 316
822832 823123 292
825571 825924 354
828262 830490 2229
834482 835136 655
837088 841221 4134
841782 842624 843
843954 844739 786
846754 847601 848
849732 850475 744
852324 853782 1459
854474 854736 263
858755 859304 550
860689 862890 2202
865287 865654 368
868254 869635 1382
876256 876664 409
877420 877946 527
880540 880717 178
889010 889579 570
891503 891993 491
892881 893073 193
895930 896218 289
898806 900782 1977
903718 905531 1814
910718 911459 742
912083 912476 394
919680 919947 268
920865 921362 498
922055 923153 1099
923650 923920 271
923957 924213 257
926321 926651 331
927541 927795 255
929493 929649 157
932327 932558 232
935121 936325 1205
939267 940111 845
944540 944806 267
947887 948235 349
951997 952764 768
954666 955357 692
957205 958369 1165
959556 961449 1894
970431 970677 247
971277 972132 856
976334 976946 613
978315 978486 172
979157 979876 720
982628 983068 441
990577 991547 971
993751 994052 302
996763 997042 280
997438 997635 198
999993 1001379 1387
1002199 1003406 1208
1011273 1011513 241
1014000 1014249 250
1015689 1016182 494
1022800 1023157 358
1026171 1026604 434
1031417 1031590 174
1035984 1036220 237
1037539 1037705 167
1041299 1041909 611
1043596 1043889 294
1052339 1052600 262
1053215 1053457 243
1057876 1058268 393
1060052 1060861 810
1066127 1066461 335
1083622 1084010 389
1095165 1095796 632
1098558 1098900 343
1106187 1106574 388
1110501 1111194 694
1121742 1122283 542
1126156 1126385 230
1127063 1127581 519
1129635 1129902 268
1132907 1133139 233
1136739 1137500 762
1156926 1157342 417
1168246 1169647 1402
1171621 1171970 350
1195357 1195574 218
1211410 1212373 964
1213551 1214408 858
1215058 1215327 270
1215938 1216129 192
1217298 1218440 1143
1229042 1229504 463
1230132 1230518 387
1231167 1232177 1011
1236388 1236682 295
1238072 1238222 151
1239627 1242391 2765
1243039 1243680 642
1245572 1247262 1691
1247883 1248048 166
1248736 1248921 186
1255525 1255739 215
1257941 1258414 474
1263607 1263848 242
1265108 1266184 1077
1267375 1267783 409
1272219 1273928 1710
1274558 1275134 577
1276288 1277793 1506
1278446 1279178 733
1279825 1279985 161
1282229 1282555 327
1286879 1287499 621
1288315 1288680 366
1291331 1292195 865
1296971 1297146 176
1298706 1298873 168
1299133 1299334 202
1300296 1300840 545
1302181 1302591 411
1303237 1303588 352
1305175 1306004 830
1309294 1309644 351
1310991 1311426 436
1314893 1315947 1055
1316607 1317063 457
1318492 1319048 557
1320169 1320507 339
1321575 1321808 234
1326490 1327008 519
1334127 1334652 526
1336884 1337403 520
1341059 1342730 1672
1343256 1343516 261
1344043 1344311 269
1348559 1351077 2519
1351809 1353188 1380
1354309 1354982 674
1356525 1356986 462
1358565 1358891 327
1358968 1359209 242
1359229 1363015 3787
1363601 1366420 2820
1367339 1367553 215
1368780 1369486 707
1369803 1370025 223
1372683 1373271 589
1374323 1374977 655
1375627 1377409 1783
1378342 1378801 460
1378872 1382143 3272
1383079 1383906 828
1384343 1385575 1233
1386385 1388410 2026
1389297 1392841 3545
1393215 1394152 938
1394546 1401964 7419
1401987 1403645 1659
1404233 1405755 1523
1405789 1406097 309
1406540 1407466 927
1424257 1424483 227
1428966 1429523 558
1429527 1429831 305
1431044 1432921 1878
1436066 1436228 163
1436529 1436682 154
1439839 1440389 551
1442133 1442531 399
1443151 1444904 1754
1446166 1448620 2455
1449237 1449757 521
1450416 1450974 559
1452348 1452561 214
1453233 1454536 1304
1454640 1456147 1508
1456819 1457503 685
1459576 1460542 967
1462132 1463860 1729
1468022 1468312 291
1471934 1472088 155
1473337 1473732 396
1473789 1473941 153
1475037 1475903 867
1476758 1477052 295
1477704 1478208 505
1478795 1479758 964
1480559 1483685 3127
1484296 1485176 881
1485959 1486165 207
1488362 1488539 178
1489504 1492418 2915
1492862 1496434 3573
1496758 1496944 187
1497281 1497815 535
1499103 1499289 187
1499393 1500033 641
1500813 1502037 1225
1502333 1503934 1602
1507915 1508938 1024
1511819 1512063 245
1513918 1516953 3036
1517478 1518011 534
1518277 1520413 2137
1520831 1521548 718
1521798 1526606 4809
1526725 1532929 6205
1533233 1534290 1058
1534449 1539307 4859
1539964 1554217 14254
1555194 1555361 168
1555562 1558444 2883
1558515 1558847 333
1559346 1560935 1590
1561696 1562166 471
1562174 1562370 197
1564133 1564973 841
1565927 1566325 399
1566988 1571294 4307
1571328 1571875 548
1571926 1574705 2780
1575565 1578419 2855
1579001 1580548 1548
1580773 1581151 379
1581234 1582831 1598
1583727 1584086 360
1585022 1585294 273
1585595 1585909 315
1586012 1586162 151
1586425 1587978 1554
1590224 1590525 302
1591144 1591523 380
1592143 1593177 1035
1593810 1596048 2239
1596121 1598734 2614
1599402 1600492 1091
1601463 1602625 1163
1602742 1602971 230
1603448 1605977 2530
1607125 1607893 769
1611561 1612700 1140
1613661 1613881 221
1616826 1618464 1639
1618788 1620225 1438
1620377 1620569 193
1620889 1629168 8280
1629258 1629681 424
1629712 1631245 1534
1631788 1634736 2949
1635034 1635377 344
1636853 1637889 1037
1638461 1638903 443
1639539 1641459 1921
1642615 1647698 5084
1648441 1648833 393
1649630 1650485 856
1651583 1651895 313
1652438 1652747 310
1655776 1656434 659
1657139 1657593 455
1658691 1661970 3280
1662489 1663516 1028
1664115 1664919 805
1669452 1670022 571
1672234 1672730 497
1674065 1676086 2022
1681722 1681936 215
1682759 1683090 332
1685359 1685783 425
1686376 1687242 867
1688543 1688985 443
1698437 1700827 2391
1701598 1701783 186
1702481 1702633 153
1703378 1704002 625
1707035 1708717 1683
1709254 1709420 167
1709968 1710475 508
1711897 1712902 1006
1714833 1714984 152
1716759 1718161 1403
1722608 1723016 409
1724159 1724708 550
1726254 1728090 1837
1730995 1731881 887
1732567 1733125 559
1734471 1734853 383
1737222 1737631 410
1738403 1739020 618
1739809 1741566 1758
1743348 1743786 439
1744768 1745353 586
1745699 1745916 218
1747994 1748673 680
1755452 1756828 1377
1758776 1759353 578
1763511 1763832 322
1764378 1764543 166
1772109 1772936 828
1773078 1774862 1785
1775617 1776088 472
1776683 1777378 696
1777953 1778218 266
1781214 1781621 408
1782480 1782742 263
1788130 1788289 160
1793328 1794132 805
1794954 1795485 532
1802830 1804287 1458
1810234 1811201 968
1815676 1816163 488
1817679 1817987 309
1818568 1819229 662
1820636 1821668 1033
1822086 1822618 533
1827366 1827607 242
1828513 1829359 847
1831026 1831741 716
1834451 1835056 606
1837143 1837567 425
1847359 1847599 241
1850289 1850548 260
1853659 1854826 1168
1857715 1858106 392
1865307 1865460 154
1867839 1868257 419
1869158 1869944 787
1873664 1875180 1517
1876667 1877586 920
1881267 1881471 205
1887659 1887827 169
1894001 1897468 3468
1898021 1898310 290
1899328 1900992 1665
1901260 1956547 55288
1957959 1958757 799
1959586 1960525 940
1972455 1972864 410
1974565 1975061 497
1981832 1981994 163
1983632 1984761 1130
1987561 1988761 1201
1988790 1989312 523
1989482 1990283 802
1991763 1991960 198
1993210 1993386 177
1994405 1995717 1313
1998323 1998529 207
1998765 1999062 298
2001542 2001726 185
2003827 2004351 525
2008502 2008906 405
2009610 2009852 243
2015162 2016462 1301
2018928 2019261 334
2020144 2020753 610
2021650 2021906 257
2023461 2024239 779
2024842 2025826 985
2027787 2028301 515
2029284 2029692 409
2032489 2034138 1650
2034765 2038646 3882
2045027 2045628 602
2055679 2055922 244
2063700 2063890 191
2068463 2069700 1238
2077210 2078520 1311
2080944 2081550 607
2087632 2087799 168
2092769 2093536 768
2094205 2095073 869
2095902 2096851 950
2099583 2100168 586
2103124 2103691 568
2108310 2108748 439
2109802 2110503 702
2111312 2111769 458
2118378 2118858 481
2119571 2119852 282
2139492 2139957 466
2141983 2142138 156
2153656 2154482 827
2158452 2159793 1342
2160413 2162119 1707
2166384 2166720 337
2168603 2171029 2427
2173875 2176143 2269
2176514 2176761 248
2176889 2179842 2954
2179896 2180597 702
2180707 2185397 4691
2185841 2191144 5304
2192761 2192962 202
2195938 2196332 395
2201519 2202070 552
2213996 2214338 343
2219629 2220146 518
2221026 2222701 1676
2225572 2225893 322
2231256 2232075 820
2234239 2234401 163
2237252 2238320 1069
2242115 2242420 306
2243205 2243437 233
2244210 2244578 369
2252364 2252645 282
2255494 2255786 293
2257585 2258993 1409
2259679 2261603 1925
2261632 2266730 5099
2266768 2270306 3539
2274425 2275191 767
2275875 2276100 226
2289829 2290134 306
2290759 2292350 1592
2296395 2299208 2814
2302350 2302943 594
2324674 2326562 1889
2330611 2330833 223
2340823 2341329 507
2359741 2360102 362
2362567 2362824 258
2363656 2363811 156
2372828 2373226 399
2376268 2380118 3851
2381578 2381935 358
2384746 2385187 442
2385279 2385500 222
2394374 2394565 192
2400724 2402051 1328
2409040 2409269 230
2414581 2415738 1158
2431526 2431687 162
2441075 2441449 375
2442256 2442727 472
2445397 2445699 303
2450160 2450730 571
2455131 2455782 652
2457021 2462971 5951
2462992 2463144 153
2463292 2463671 380
2463754 2467713 3960
2467739 2468857 1119
2473018 2473436 419
2480772 2481090 319
2483841 2484993 1153
2494719 2496511 1793
2497505 2498121 617
2500413 2501085 673
2503028 2503260 233
2504106 2505146 1041
2509353 2509735 383
2510389 2512505 2117
2515957 2516218 262
2516841 2517166 326
2518967 2519221 255
2522997 2523587 591
2526462 2528914 2453
2534883 2535263 381
2539401 2539790 390
2542313 2542729 417
2543486 2543727 242
2546131 2547721 1591
2547760 2549189 1430
2553062 2553998 937
2554718 2555040 323
2555098 2555332 235
2560308 2560634 327
2562287 2562863 577
2565214 2565580 367
2566960 2567450 491
2568919 2569394 476
2569899 2570296 398
2571092 2571493 402
2572444 2573401 958
2573955 2574520 566
2574913 2577573 2661
2578236 2579679 1444
2580347 2580848 502
2588213 2588537 325
2589255 2590626 1372
2591172 2591946 775
2597842 2598017 176
2608004 2608279 276
2609162 2611223 2062
2612989 2613447 459
2620839 2621395 557
2622071 2622244 174
2622634 2622882 249
2624458 2624655 198
2624896 2625090 195
2625346 2625546 201
2628296 2629853 1558
2632078 2632476 399
2633309 2633596 288
2634218 2634512 295
2635600 2635813 214
2636013 2636350 338
2637010 2637554 545
2639353 2640692 1340
2641550 2641795 246
2644414 2644636 223
2648078 2648605 528
2649283 2649495 213
2650967 2652163 1197
2655088 2655847 760
2660201 2660681 481
2662216 2663542 1327
2673868 2674258 391
2685046 2685388 343
2686633 2688934 2302
2696286 2696683 398
2698253 2700970 2718
2701815 2701974 160
2705294 2706319 1026
2708137 2709833 1697
2710971 2712328 1358
2713110 2713366 257
2714035 2714581 547
2715162 2716621 1460
2717173 2717653 481
2717703 2718571 869
2718734 2718904 171
2719047 2720030 984
2721024 2721181 158
2731493 2731655 163
2732765 2733012 248
2735088 2735346 259
2737459 2738870 1412
2753185 2756578 3394
2758599 2758928 330
2758975 2773129 14155
2773570 2775279 1710
2775315 2775568 254
2775934 2777986 2053
2779570 2781542 1973
2782528 2782968 441
2782989 2783408 420
2792164 2792594 431
2806070 2806356 287
2810300 2810579 280
2811622 2812047 426
2813736 2813906 171
2815472 2817246 1775
2817952 2818215 264
2821231 2822082 852
2826761 2829162 2402
2832289 2833141 853
2834066 2835137 1072
2835795 2837546 1752
2838183 2838345 163
2840829 2841545 717
2842901 2843322 422
2844033 2844262 230
2845564 2845774 211
2847904 2848850 947
2853049 2853301 253
2854762 2854946 185
2855049 2856016 968
2857079 2857487 409
2858194 2858713 520
2859588 2863249 3662
2864065 2864545 481
2866848 2867801 954
2869644 2870228 585
2871042 2871210 169
2874453 2875446 994
2880136 2880412 277
2882758 2883112 355
2884197 2884588 392
2885329 2887816 2488
2888155 2890783 2629
2898193 2898681 489
2911300 2913812 2513
2913837 2922086 8250
2938116 2939077 962
2941639 2942598 960
2948605 2949197 593
2950993 2952717 1725
2953374 2954032 659
2955216 2956185 970
2964388 2972511 8124
2978751 2980285 1535
2981400 2982056 657
2990504 2990842 339
2991309 2992064 756
2999873 3000712 840
3003088 3004610 1523
3009079 3009508 430
3010301 3010606 306
3011457 3012451 995
3014177 3014603 427
3017263 3017472 210
3018092 3018756 665
3019756 3020592 837
3021289 3022118 830
3022803 3023082 280
3026047 3026268 222
3031795 3032483 689
3033711 3034150 440
3036280 3038001 1722
3040459 3040636 178
3043914 3044113 200
3050876 3051700 825
3056989 3057631 643
3059208 3059622 415
3061235 3061487 253
3065795 3066318 524
3068151 3068688 538
3071195 3071440 246
3073686 3073934 249
3074663 3074974 312
3077108 3078516 1409
3079180 3081401 2222
3082575 3083625 1051
3085293 3085519 227
3085539 3086394 856
3087746 3091377 3632
3091947 3093309 1363
3093912 3094268 357
3096084 3096251 168
3097336 3098853 1518
3100000 3100379 380
3101400 3103524 2125
3104246 3104531 286
3105263 3105637 375
3107139 3107376 238
3112394 3116207 3814
3116981 3117834 854
3119616 3120754 1139
3121432 3122296 865
3127143 3127483 341
3130113 3135084 4972
3135869 3136212 344
3138776 3139089 314
3140359 3142881 2523
3145034 3145274 241
3145400 3146455 1056
3146930 3147262 333
3154625 3154996 372
3155645 3156187 543
3159359 3159762 404
3164511 3165491 981
3166112 3166382 271
3168621 3169468 848
3171520 3172837 1318
3175930 3183725 7796
3185922 3186500 579
3187322 3187716 395
3191907 3192134 228
3192486 3192705 220
3192833 3193083 251
3201694 3202165 472
3214977 3215313 337
3216230 3216382 153
3217413 3217680 268
3219244 3219451 208
3237817 3238021 205
3238828 3239067 240
3239747 3240198 452
3240894 3241370 477
3245331 3245483 153
3261132 3261362 231
3263560 3264070 511
3267575 3268289 715
3268306 3268615 310
3269391 3270250 860
3276543 3278672 2130
3282147 3283300 1154
3285053 3286210 1158
3288322 3290961 2640
3293847 3294332 486
3295654 3295813 160
3296471 3296832 362
3300094 3300315 222
3303299 3303814 516
3304467 3305497 1031
3307243 3308077 835
3313573 3313801 229
3315341 3316330 990
3317594 3317971 378
3318646 3318960 315
3319538 3320768 1231
3330823 3331108 286
3331168 3332189 1022
3333028 3333380 353
3334467 3334995 529
3335635 3336031 397
3339098 3342027 2930
3346107 3347393 1287
3350046 3353279 3234
3356494 3356722 229
3357582 3358408 827
3361995 3362844 850
3368054 3368771 718
3370723 3372327 1605
3374049 3376086 2038
3377291 3378083 793
3379053 3379906 854
3380885 3381294 410
3388398 3388687 290
3393532 3394059 528
3399214 3399995 782
3400695 3401174 480
3401343 3401525 183
3401994 3404643 2650
3404669 3408129 3461
3409716 3411999 2284
3412690 3412987 298
3414991 3415166 176
3415261 3415745 485
3416258 3416506 249
3421484 3424299 2816
3424790 3425114 325
3425768 3427537 1770
3428639 3430821 2183
3432607 3433155 549
3433201 3434362 1162
3434684 3436496 1813
3437001 3440093 3093
3444025 3449911 5887
3450073 3452120 2048
3452184 3453874 1691
3468199 3471143 2945
3471997 3472292 296
3475438 3476949 1512
3486479 3486844 366
3487541 3488086 546
3495267 3497125 1859
3502757 3503191 435
3504287 3504966 680
3505009 3505318 310
3506422 3507637 1216
3509132 3510300 1169
3511680 3511889 210
3512594 3515195 2602
3520466 3520624 159
3523012 3525235 2224
3529189 3542082 12894
3542108 3545959 3852
3550051 3550224 174
3550845 3551687 843
3555745 3556919 1175
3558369 3561812 3444
3561899 3564742 2844
3565343 3566331 989
3568233 3568824 592
3576563 3576721 159
3578205 3578566 362
3580518 3580774 257
3586245 3586743 499
3587298 3588063 766
3588546 3596634 8089
3597110 3601525 4416
3602303 3602789 487
3602809 3604226 1418
3605268 3605619 352
3606272 3608125 1854
3608782 3611658 2877
3613443 3613668 226
3637575 3637838 264
3651312 3651672 361
3652793 3653206 414
3654090 3654482 393
3664633 3664942 310
3666908 3667226 319
3690564 3691296 733
3709760 3709941 182
3711476 3712289 814
3713906 3714175 270
3757320 3757485 166
3777697 3777933 237
3778842 3779258 417
3789246 3789505 260
3789879 3794193 4315
3796850 3797252 403
3797272 3797582 311
3798189 3798424 236
3802626 3802837 212
3803734 3804502 769
3806236 3806439 204
3807095 3807385 291
3808835 3809056 222
3819839 3820190 352
3826552 3826787 236
3829617 3835933 6317
3836012 3841590 5579
3841835 3842833 999
3844508 3844773 266
3846816 3847350 535
3847989 3849438 1450
3849489 3849663 175
3854463 3854688 226
3854885 3855590 706
3857641 3866038 8398
3866062 3867286 1225
3869509 3870717 1209
3872045 3873272 1228
3873848 3874545 698
3876096 3882015 5920
3882622 3882944 323
3906827 3907185 359
3907885 3908204 320
3909516 3912119 2604
3912717 3914701 1985
3917790 3920401 2612
3922059 3922395 337
3924907 3926150 1244
3927036 3927376 341
3928163 3928738 576
3929422 3930461 1040
3931930 3932691 762
3934633 3934819 187
3941560 3942479 920
3942502 3945962 3461
3946404 3947129 726
3950087 3950430 344
3955213 3955636 424
3956574 3957010 437
3959757 3959987 231
3966820 3968230 1411
3970496 3970889 394
3976799 3980410 3612
3984141 3984902 762
3991345 3992030 686
3992717 3993194 478
3994152 3994583 432
3997482 3997709 228
4000030 4003502 3473
4005704 4006411 708
4007325 4007915 591
4009189 4009678 490
4010830 4011052 223
4011892 4013194 1303
4016086 4016473 388
4017175 4017478 304
4019319 4019536 218
4026556 4027298 743
4030997 4031628 632
4033405 4034124 720
4036482 4037105 624
4039152 4040151 1000
4040195 4040359 165
4047007 4047976 970
4051093 4055396 4304
4057841 4057996 156
4061497 4062862 1366
4064847 4065018 172
4070657 4070888 232
4073360 4074810 1451
4078741 4079048 308
4083489 4083758 270
4087175 4087741 567
4089302 4089524 223
4090316 4090744 429
4093857 4094433 577
4097624 4097880 257
4098575 4099099 525
4099756 4100299 544
4105137 4106409 1273
4109223 4110222 1000
4111111 4111481 371
4111877 4112659 783
4115817 4116342 526
4121202 4122481 1280
4123313 4123741 429
4125262 4125846 585
4127334 4127772 439
4128402 4128778 377
4129451 4129694 244
4130501 4130790 290
4132040 4132684 645
4140522 4140921 400
4141929 4142986 1058
4147641 4147984 344
4149645 4149898 254
4165510 4166863 1354
