1 553 553
1237 3294 2058
3943 7641 3699
8407 9592 1186
15111 16724 1614
17471 18739 1269
19544 21948 2405
23120 23607 488
24371 26014 1644
27017 28157 1141
29004 30068 1065
35375 35669 295
35706 41806 6101
42485 45527 3043
46587 47580 994
48210 48872 663
50048 50756 709
51441 51991 551
52678 55423 2746
56342 59278 2937
60058 69359 9302
70699 71773 1075
72485 76185 3701
76877 83775 6899
83792 87955 4164
88624 89009 386
89787 90253 467
96535 96692 158
101941 103206 1266
104924 110238 5315
110933 112369 1437
113000 117323 4324
118009 118291 283
119744 120126 383
121289 121876 588
122566 122920 355
123629 123853 225
125667 127406 1740
128174 128573 400
129337 130142 806
131071 131536 466
134140 135133 994
136339 136662 324
137499 137842 344
140540 140958 419
143273 144149 877
144922 146299 1378
147273 147539 267
148287 148522 236
150761 153000 2240
154132 160697 6566
166674 166983 310
169800 170118 319
171113 171336 224
176348 187577 11230
188254 194108 5855
194589 196473 1885
197118 199153 2036
201251 276805 75555
276825 286263 9439
286693 306635 19943
307335 329678 22344
330319 372855 42537
372936 373105 170
373447 375956 2510
376351 410710 34360
410731 417093 6363
417359 426638 9280
426990 432213 5224
433144 449566 16423
450239 452810 2572
453770 486083 32314
486636 490572 3937
490624 499051 8428
499729 501366 1638
501446 507910 6465
508070 511233 3164
511995 516299 4305
516859 518459 1601
519305 526036 6732
526764 528567 1804
529423 546707 17285
546772 551288 4517
551308 552078 771
552098 553353 1256
553373 581226 27854
581504 596211 14708
596231 605572 9342
605691 606008 318
606091 607271 1181
608074 628366 20293
630315 635183 4869
640535 644758 4224
645464 646904 1441
647616 649617 2002
649636 649786 151
651846 664624 12779
664644 688180 23537
689356 689534 179
689624 692725 3102
694875 699966 5092
702048 703764 1717
704527 705101 575
705829 708099 2271
709320 709700 381
710454 713982 3529
714921 716264 1344
716792 721626 4835
722365 723545 1181
724220 729794 5575
730537 730830 294
731589 738558 6970
739012 785117 46106
785460 796467 11008
797146 820597 23452
820617 822970 2354
823487 840985 17499
841705 842774 1070
843436 851868 8433
852353 865853 13501
866271 866499 229
867084 873474 6391
874188 874387 200
874811 879956 5146
880654 890091 9438
890844 937211 46368
937299 937622 324
938102 939364 1263
940006 941683 1678
942361 943245 885
945347 945507 161
946172 946466 295
952961 953139 179
953306 957005 3700
957644 959758 2115
960772 962006 1235
962662 967041 4380
967373 973140 5768
974322 982372 8051
982962 983157 196
983200 984245 1046
984482 993091 8610
993226 1004052 10827
1006057 1013846 7790
1013930 1022351 8422
1023000 1023416 417
1024022 1030684 6663
1030742 1035552 4811
1036016 1057881 21866
1059204 1061539 2336
1062239 1069828 7590
1069915 1073108 3194
1073805 1076887 3083
1076947 1077255 309
1078189 1087472 9284
1088169 1143755 55587
1144592 1150933 6342
1150948 1158431 7484
1159049 1169950 10902
1171213 1180919 9707
1181472 1190505 9034
1190699 1199397 8699
1200124 1200281 158
1200796 1203483 2688
1203979 1208459 4481
1209231 1211669 2439
1212257 1217259 5003
1217693 1218149 457
1219412 1220737 1326
1221460 1222554 1095
1223643 1224934 1292
1225493 1231272 5780
1231864 1233140 1277
1234055 1236909 2855
1237618 1258924 21307
1259233 1262650 3418
1262893 1270109 7217
1270176 1276188 6013
1276198 1287529 11332
1287788 1287950 163
1287997 1307188 19192
1307210 1329948 22739
1329978 1355007 25030
1355047 1355350 304
1355638 1381544 25907
1381564 1381807 244
1381878 1385686 3809
1385963 1400709 14747
1401314 1402893 1580
1403566 1420981 17416
1421646 1425089 3444
1425784 1426681 898
1427345 1434169 6825
1435052 1437915 2864
1438014 1440316 2303
1440980 1441336 357
1441803 1455584 13782
1455629 1456632 1004
1457313 1464756 7444
1464789 1464967 179
1465211 1465371 161
1465464 1489314 23851
1489968 1492157 2190
1493323 1494638 1316
1494664 1501164 6501
1501572 1505835 4264
1505939 1509709 3771
1510675 1523762 13088
1524526 1526197 1672
1526767 1527618 852
1527627 1529045 1419
1529889 1548703 18815
1548795 1553570 4776
1553984 1558083 4100
1558670 1561275 2606
1562067 1562403 337
1564354 1569254 4901
1569699 1570069 371
1570553 1570731 179
1571160 1574804 3645
1575502 1585114 9613
1585807 1587893 2087
1588547 1590652 2106
1591352 1592548 1197
1592598 1593181 584
1593261 1595884 2624
1596270 1597820 1551
1598774 1599524 751
1599554 1605470 5917
1606323 1614680 8358
1615436 1620739 5304
1622211 1623043 833
1623080 1623598 519
1623720 1623983 264
1625245 1625923 679
1626625 1630546 3922
1630592 1637801 7210
1640134 1645589 5456
1646272 1650015 3744
1650754 1651059 306
1651760 1659761 8002
1659794 1661198 1405
1662736 1664386 1651
1664406 1665041 636
1665104 1665261 158
1665281 1665526 246
1666464 1668355 1892
1668978 1670329 1352
1670939 1671741 803
1673958 1675154 1197
1675885 1680371 4487
1682524 1683644 1121
1684276 1685083 808
1689150 1690389 1240
1690918 1696300 5383
1696992 1705083 8092
1705800 1707035 1236
1708264 1710262 1999
1710764 1717289 6526
1719012 1723917 4906
1724626 1724864 239
1726129 1727005 877
1727057 1729499 2443
1730178 1735511 5334
1737001 1737907 907
1738013 1738198 186
1738250 1740337 2088
1741078 1742619 1542
1743776 1746331 2556
1747038 1749528 2491
1750203 1750782 580
1751961 1753193 1233
1753717 1753877 161
1754597 1764716 10120
1765695 1767229 1535
1768436 1772827 4392
1773439 1775658 2220
1776180 1776920 741
1777623 1778839 1217
1779338 1872815 93478
1873382 1878555 5174
1879776 1892468 12693
1893233 1893400 168
1893890 1900581 6692
1900683 1906952 6270
1906988 1920479 13492
1920579 1922438 1860
1922771 1925013 2243
1925455 1926777 1323
1927502 1927900 399
1929121 1933419 4299
1934040 1936014 1975
1936694 1942379 5686
1942416 1949760 7345
1951326 1953690 2365
1954420 1954738 319
1955062 1956288 1227
1956842 1969899 13058
1970205 1992290 22086
1992338 1992916 579
1993026 2010195 17170
2010808 2011116 309
2011852 2014370 2519
2015124 2043252 28129
2044831 2061317 16487
2061451 2061768 318
2061831 2072385 10555
2072727 2082019 9293
2082545 2095933 13389
2096112 2106943 10832
2107429 2109323 1895
2109902 2119856 9955
2120429 2123336 2908
2123941 2138900 14960
2139119 2153757 14639
2153808 2154140 333
2154162 2181061 26900
2181098 2266124 85027
2266131 2276075 9945
2276487 2292690 16204
2293337 2300767 7431
2301265 2304553 3289
2304975 2305925 951
2306301 2306780 480
2306858 2315566 8709
2316041 2317297 1257
2317975 2331272 13298
2331979 2334635 2657
2335365 2335989 625
2336674 2349318 12645
2349578 2356986 7409
2357709 2363999 6291
2364789 2370898 6110
2371470 2379984 8515
2380061 2383917 3857
2385259 2386834 1576
2387574 2398738 11165
2399382 2400417 1036
2400892 2402090 1199
2402792 2404315 1524
2404833 2410415 5583
2411769 2411936 168
2412575 2414560 1986
2415190 2415587 398
2416278 2421265 4988
2422389 2422564 176
2422612 2428425 5814
2429111 2429743 633
2430480 2431467 988
2431524 2432263 740
2432288 2445159 12872
2445179 2445776 598
2445857 2446927 1071
2447785 2447938 154
2448506 2452020 3515
2452429 2459305 6877
2460078 2475816 15739
2476535 2478523 1989
2478928 2479120 193
2479923 2480972 1050
2482246 2485905 3660
2486605 2488996 2392
2489403 2489581 179
2489627 2493073 3447
2493464 2498453 4990
2499933 2500304 372
2500433 2502658 2226
2503822 2515901 12080
2515927 2524089 8163
2525547 2531091 5545
2532209 2534984 2776
2535709 2545553 9845
2547005 2549064 2060
2549663 2565117 15455
2565574 2570873 5300
2571563 2577435 5873
2578617 2585434 6818
2586072 2589192 3121
2590419 2591450 1032
2591901 2593297 1397
2593981 2600211 6231
2601676 2610339 8664
2611069 2612274 1206
2613001 2615131 2131
2615195 2615608 414
2615663 2616710 1048
2617021 2620110 3090
2620769 2622502 1734
2623211 2623825 615
2624642 2625674 1033
2628362 2629283 922
2630007 2630731 725
2631660 2636412 4753
2636452 2636723 272
2637014 2641407 4394
2642019 2644264 2246
2644925 2647488 2564
2647574 2650488 2915
2651141 2652938 1798
2653320 2655500 2181
2656157 2683791 27635
2683832 2684314 483
2684335 2701355 17021
2701792 2709385 7594
2709405 2716123 6719
2716177 2716726 550
2716748 2750240 33493
2750263 2764356 14094
2764426 2764641 216
2764693 2781436 16744
2782154 2783070 917
2783743 2785102 1360
2786252 2792426 6175
2793085 2794112 1028
2794902 2797102 2201
2797806 2802400 4595
2803011 2803289 279
2803928 2805420 1493
2805863 2806378 516
2807061 2809431 2371
2812038 2813030 993
2813545 2814792 1248
2816261 2816640 380
2817388 2818406 1019
2818428 2820371 1944
2822399 2845777 23379
2846568 2847102 535
2847688 2850721 3034
2852157 2854393 2237
2854485 2854809 325
2855176 2856549 1374
2857185 2860473 3289
2862457 2864351 1895
2864415 2866824 2410
2868384 2868786 403
2869667 2872876 3210
2873451 2874217 767
2874893 2881632 6740
2882360 2884580 2221
2886021 2886431 411
2887314 2892336 5023
2893111 2894764 1654
2895620 2896533 914
2897342 2899756 2415
2900122 2901197 1076
2901862 2904656 2795
2905101 2905551 451
2905665 2912431 6767
2912917 2918378 5462
2918607 2919652 1046
2921108 2921329 222
2922041 2928071 6031
2929438 2933791 4354
2934927 2948481 13555
2948894 2952472 3579
2953375 2959994 6620
2960731 2966423 5693
2967855 2972338 4484
2972791 2973044 254
2974522 2975123 602
2975813 2978717 2905
2980338 2981893 1556
2982305 2982457 153
2982497 2985431 2935
2986170 2988611 2442
2989299 3002489 13191
3002947 3003326 380
3003659 3011940 8282
3012637 3013010 374
3014167 3014364 198
3014421 3015112 692
3015987 3020289 4303
3021100 3025205 4106
3026935 3035470 8536
3036435 3036595 161
3038161 3038358 198
3038689 3038907 219
3038934 3040104 1171
3040862 3045504 4643
3046665 3048190 1526
3049398 3050250 853
3051184 3055780 4597
3056377 3058671 2295
3059367 3066524 7158
3067016 3076123 9108
3076675 3082661 5987
3082749 3083203 455
3083251 3104179 20929
3105420 3119923 14504
3120759 3125848 5090
3126697 3128918 2222
3130314 3132411 2098
3133181 3137632 4452
3138303 3149143 10841
3149844 3150775 932
3151196 3160955 9760
3161072 3163842 2771
3164526 3165432 907
3166681 3167218 538
3167889 3168485 597
3169984 3171821 1838
3178966 3180476 1511
3180893 3181441 549
3182021 3189126 7106
3189765 3214563 24799
3214969 3215256 288
3215985 3217780 1796
3218146 3220728 2583
3222154 3225809 3656
3226509 3239916 13408
3240507 3240791 285
3241401 3242930 1530
3243609 3244023 415
3244620 3280696 36077
3280715 3284909 4195
3285654 3288828 3175
3289714 3292224 2511
3292449 3300250 7802
3301152 3305851 4700
3306980 3315059 8080
3315736 3323333 7598
3324056 3345384 21329
3345837 3355590 9754
3356534 3358070 1537
3358813 3359619 807
3360936 3363616 2681
3364617 3367774 3158
3371885 3373587 1703
3374170 3379133 4964
3379672 3398227 18556
3398483 3398898 416
3398955 3401948 2994
3402079 3413511 11433
3413670 3413883 214
3413952 3445708 31757
3445754 3446034 281
3446058 3450656 4599
3451122 3451441 320
3451737 3451891 155
3452263 3453037 775
3453067 3470357 17291
3470983 3476566 5584
3477484 3479572 2089
3480271 3481181 911
3481382 3481619 238
3482729 3493898 11170
3495714 3528302 32589
3528462 3545901 17440
3545914 3546146 233
3546821 3548385 1565
3549017 3572690 23674
3574054 3576977 2924
3577630 3585277 7648
3586366 3588965 2600
3589443 3591332 1890
3591981 3593483 1503
3594163 3598432 4270
3599632 3606753 7122
3606773 3610120 3348
3611242 3612367 1126
3613592 3613810 219
3614521 3622481 7961
3623135 3627133 3999
3628445 3629409 965
3630855 3635168 4314
3636007 3636638 632
3636674 3638089 1416
3638472 3644317 5846
3645301 3664400 19100
3664419 3665744 1326
3666535 3668459 1925
3668508 3703544 35037
3704143 3714695 10553
3714828 3747625 32798
3748273 3748458 186
3748918 3772314 23397
3772671 3778000 5330
3778645 3778873 229
3779566 3780015 450
3780046 3782655 2610
3783367 3783902 536
3785237 3786549 1313
3787142 3790372 3231
3790458 3790649 192
3791662 3792949 1288
3793734 3796929 3196
3797532 3798694 1163
3798896 3803337 4442
3804715 3805066 352
3806383 3809575 3193
3810003 3819871 9869
3820124 3820292 169
3820379 3824542 4164
3828351 3829227 877
3829934 3833627 3694
3833981 3834451 471
3835174 3848379 13206
3849208 3851062 1855
3851711 3856672 4962
3856982 3861403 4422
3861698 3861907 210
3862031 3865354 3324
3866199 3866917 719
3867370 3878961 11592
3879684 3880740 1057
3881401 3893873 12473
3894463 3901239 6777
3901787 3911666 9880
3912216 3916070 3855
3916817 3919465 2649
3920240 3928759 8520
3928913 3931673 2761
3932144 3950094 17951
3950129 3959829 9701
3960170 3984136 23967
3985264 3988303 3040
3988486 3988680 195
3988729 3989026 298
3989139 3995357 6219
3996010 4003487 7478
4004111 4032457 28347
4033156 4035889 2734
4036290 4049127 12838
4050080 4051791 1712
4052284 4061282 8999
4061895 4082950 21056
4083375 4089643 6269
4089666 4112084 22419
4112913 4124029 11117
4124103 4128572 4470
4128649 4129282 634
4129309 4146801 17493
4146852 4152565 5714
4152585 4153329 745
4153348 4153533 186
4154145 4155415 1271
4156850 4159578 2729
4159714 4163231 3518
4163926 4166843 2918
4166864 4167268 405
4167330 4191760 24431
4192314 4198762 6449
4199458 4201830 2373
4202560 4207895 5336
4209935 4210496 562
4211224 4212513 1290
4213062 4213288 227
4213432 4214894 1463
4215445 4215607 163
