9811 14845 5035
30279 35153 4875
90446 95452 5007
95954 101248 5295
160804 165712 4909
166063 171314 5252
171329 176351 5023
635281 640255 4975
946543 951388 4846
3173719 3178792 5074
154751 155009 259
162433 162615 183
166752 166983 232
168043 168207 165
169807 170110 304
172954 173201 248
176389 176780 392
202129 204955 2827
210963 220141 9179
231167 232941 1775
239728 243652 3925
249599 252134 2536
253565 254830 1266
263089 267564 4476
275641 278087 2447
278924 281558 2635
290812 292081 1270
294769 298168 3400
319238 320562 1325
324045 326591 2547
339153 339798 646
370309 371530 1222
395647 395870 224
403310 404332 1023
415342 415918 577
440507 442319 1813
465990 466851 862
485969 488139 2171
495043 495327 285
524289 525608 1320
529831 531710 1880
536145 536381 237
546012 547090 1079
548503 549166 664
549522 549745 224
550004 553904 3901
554481 559055 4575
560771 567645 6875
568110 569060 951
570067 573060 2994
573479 574605 1127
575576 579343 3768
582524 585100 2577
592046 593404 1359
599070 600337 1268
600786 604754 3969
621600 622308 709
633969 634796 828
651904 663184 11281
664701 669936 5236
686731 687226 496
687336 687822 487
711603 713208 1606
739073 746831 7759
753804 755836 2033
785566 785935 370
787626 787784 159
789717 791332 1616
813914 814148 235
818915 822885 3971
847595 847968 374
850361 853724 3364
874896 876295 1400
886937 887273 337
911973 913877 1905
919362 922490 3129
954692 954853 162
957671 959250 1580
959297 959464 168
961210 961800 591
961881 965182 3302
972192 972721 530
999998 1000225 228
1109479 1112583 3105
1122762 1124653 1892
1124752 1125047 296
1135280 1135966 687
1136017 1136194 178
1178400 1178618 219
1182397 1187660 5264
1213969 1214859 891
1216045 1216681 637
1262905 1263069 165
1263607 1265391 1785
1266608 1267026 419
1267076 1267384 309
1268014 1268228 215
1268678 1270150 1473
1270173 1270387 215
1275637 1278001 2365
1278511 1278925 415
1290709 1290976 268
1335033 1336331 1299
1336351 1336705 355
1336970 1337318 349
1374113 1374372 260
1416400 1416748 349
1441946 1447033 5088
1463228 1463433 206
1478851 1482164 3314
1539807 1539996 190
1557705 1557925 221
1782521 1785148 2628
1785210 1795087 9878
1795156 1859948 64793
1879814 1880986 1173
1881410 1882449 1040
1882939 1884147 1209
1885350 1886798 1449
1895243 1897543 2301
1901476 1901712 237
1901794 1902149 356
1905415 1906236 822
1906257 1906891 635
1980510 1980670 161
2006483 2008497 2015
2027847 2028671 825
2031511 2032309 799
2036920 2038908 1989
2039571 2039989 419
2044941 2047578 2638
2049539 2049942 404
2049988 2050329 342
2050371 2054513 4143
2055437 2057968 2532
2058317 2060822 2506
2060855 2061061 207
2061204 2061768 565
2065307 2069294 3988
2069570 2069777 208
2070192 2072402 2211
2074107 2074263 157
2075825 2079029 3205
2080384 2081090 707
2081525 2081754 230
2092337 2092783 447
2097785 2099381 1597
2125010 2126038 1029
2151551 2151921 371
2152026 2152283 258
2152946 2153594 649
2153740 2154185 446
2154269 2156167 1899
2158641 2159546 906
2161829 2162112 284
2163098 2164214 1117
2166753 2166912 160
2167578 2167896 319
2168008 2168583 576
2168920 2169323 404
2169746 2170006 261
2170331 2170485 155
2172294 2172521 228
2186989 2187303 315
2188215 2190767 2553
2193280 2193671 392
2193742 2194028 287
2195165 2195429 265
2195891 2196368 478
2196505 2197360 856
2198112 2199500 1389
2199575 2200297 723
2201717 2201926 210
2210316 2211892 1577
2212903 2213112 210
2213558 2214796 1239
2215275 2216993 1719
2217044 2217602 559
2218227 2218973 747
2226616 2226982 367
2228728 2229287 560
2229360 2229873 514
2239552 2240812 1261
2242535 2244006 1472
2246241 2246571 331
2246616 2248352 1737
2248462 2248625 164
2249753 2250516 764
2251057 2251437 381
2251913 2252871 959
2255281 2258698 3418
2260097 2262284 2188
2262440 2264027 1588
2264677 2270413 5737
2273581 2273785 205
2275315 2276487 1173
2278106 2279736 1631
2280876 2283689 2814
2283832 2286442 2611
2433621 2435285 1665
2466264 2466519 256
2515038 2516132 1095
2587572 2588567 996
2651460 2652221 762
2655012 2655316 305
2655725 2660510 4786
2660583 2660918 336
2662333 2664419 2087
2667434 2668221 788
2673076 2673382 307
2674355 2675053 699
2678191 2678685 495
2685410 2685739 330
2687499 2688009 511
2689951 2691424 1474
2691565 2692638 1074
2692934 2694223 1290
2694814 2695098 285
2695325 2697092 1768
2697864 2700685 2822
2701792 2701986 195
2702283 2702507 225
2702539 2707741 5203
2707837 2709793 1957
2712287 2712539 253
2715556 2716824 1269
2716928 2718880 1953
2720306 2741323 21018
2742189 2752739 10551
2755185 2758038 2854
2769652 2773298 3647
2802249 2805311 3063
2932017 2932915 899
2968861 2970522 1662
2998718 3007997 9280
3008019 3009866 1848
3124447 3125566 1120
3154761 3162916 8156
3178055 3178208 154
3193692 3194351 660
3239468 3244585 5118
3254890 3256661 1772
3267976 3268664 689
3268733 3268906 174
3304619 3305512 894
3330439 3334878 4440
3335027 3340863 5837
3354498 3355576 1079
3448277 3449633 1357
3449952 3450666 715
3464078 3467579 3502
3471845 3472557 713
3488055 3489636 1582
3501732 3502861 1130
3505153 3508614 3462
3508789 3509118 330
3509270 3509557 288
3542870 3545823 2954
3546899 3558935 12037
3579884 3581851 1968
3659115 3663075 3961
3667202 3671913 4712
3672920 3673271 352
3676126 3684709 8584
3712390 3715981 3592
3724367 3726192 1826
3728436 3729450 1015
3741607 3743242 1636
3753990 3756126 2137
3761756 3761930 175
3769526 3769737 212
3819239 3819736 498
3837980 3842893 4914
3847253 3847842 590
3857012 3858882 1871
3875795 3878915 3121
3886060 3886464 405
3886670 3888824 2155
3889845 3890776 932
3912808 3913158 351
3928349 3930640 2292
3989482 3989850 369
3992692 3994970 2279
3997267 3997586 320
4000551 4001294 744
4002715 4005300 2586
4007291 4007494 204
4020994 4021411 418
4021851 4022757 907
4022876 4023053 178
4023536 4023722 187
4036445 4037221 777
4041154 4048673 7520
4054534 4063614 9081
4068175 4073519 5345
4086606 4087828 1223
4095379 4103783 8405
4109106 4110907 1802
4130065 4134226 4162
4161001 4163154 2154
4171355 4171700 346
4171790 4172070 281
4172837 4176789 3953
4177826 4178011 186
4179135 4181456 2322
4185132 4191175 6044
4195953 4197048 1096
