9811 14845 5035
30279 35153 4875
90446 95452 5007
95954 101248 5295
160804 165712 4909
166063 171314 5252
171329 176351 5023
635281 640255 4975
946543 951388 4846
3173719 3178792 5074
95402 95988 587
169795 170111 317
171292 171466 175
176303 176766 464
202130 204955 2826
211085 211291 207
211363 219561 8199
219684 220020 337
231166 232941 1776
239706 241896 2191
251346 252310 965
277405 278024 620
290895 292081 1187
294841 298050 3210
318957 319153 197
319395 320387 993
365278 365604 327
385655 385818 164
524296 525605 1310
529483 529744 262
529810 549773 19964
549991 559073 9083
560803 563543 2741
564640 567453 2814
570071 570246 176
576200 579342 3143
591969 593404 1436
599069 600456 1388
600848 601710 863
621593 622299 707
651893 663184 11292
739366 747342 7977
788699 789556 858
818921 822882 3962
874895 876289 1395
886764 887273 510
898914 903729 4816
912003 913839 1837
957683 959117 1435
1182397 1187600 5204
1214095 1214577 483
1262962 1270464 7503
1275667 1276194 528
1278511 1278769 259
1335069 1336209 1141
1336301 1336689 389
1336970 1337318 349
1343499 1343728 230
1343765 1344447 683
1441884 1447027 5144
1478870 1482183 3314
1879825 1879990 166
1880068 1881536 1469
1881987 1882993 1007
1883868 1885197 1330
1885313 1885690 378
1886626 1886808 183
1903121 1903386 266
1907305 1908200 896
1908479 1911358 2880
1942634 1946665 4032
1957663 1957858 196
1960241 1960407 167
1960480 1962594 2115
1962642 1963343 702
1963365 1969126 5762
1969440 1969854 415
1970346 1972216 1871
1972960 1979836 6877
1980025 1981951 1927
1982546 1986023 3478
1986725 1988364 1640
1988424 1988580 157
1989197 1996091 6895
1996161 1996323 163
1996386 1997896 1511
2006774 2007811 1038
2027869 2028181 313
2037423 2038774 1352
2039506 2040639 1134
2046971 2047592 622
2049472 2061219 11748
2062046 2062634 589
2062966 2063242 277
2063648 2071218 7571
2071404 2071603 200
2071769 2072859 1091
2073035 2073271 237
2073301 2073687 387
2075857 2079026 3170
2097736 2099366 1631
2124959 2126252 1294
2152052 2161571 9520
2161637 2198069 36433
2198294 2221918 23625
2222218 2269848 47631
2269942 2270183 242
2271055 2271684 630
2272083 2273497 1415
2273639 2273912 274
2273961 2276570 2610
2278068 2280241 2174
2280954 2283600 2647
2283824 2286421 2598
2433621 2435094 1474
2466186 2466340 155
2587562 2588542 981
2653341 2654599 1259
2655172 2655336 165
2655532 2660999 5468
2661547 2664498 2952
2665042 2667490 2449
2668156 2673087 4932
2673509 2701349 27841
2702406 2707739 5334
2707836 2716000 8165
2718801 2727138 8338
2728602 2730850 2249
2730975 2734825 3851
2735595 2735959 365
2736028 2740658 4631
2740927 2741265 339
2742191 2742501 311
2742584 2750793 8210
2751806 2752737 932
2802249 2805311 3063
2841049 2841371 323
2932017 2932913 897
2998710 3009853 11144
3239470 3244465 4996
3254905 3256475 1571
3267970 3268132 163
3268249 3268614 366
3335018 3335274 257
3448278 3449665 1388
3458051 3459793 1743
3464070 3467499 3430
3471954 3472983 1030
3488011 3489597 1587
3542865 3545819 2955
3546874 3558916 12043
3581066 3581280 215
3581383 3581890 508
3635247 3635539 293
3659115 3663053 3939
3667231 3667381 151
3667394 3671921 4528
3672920 3673165 246
3675548 3675811 264
3676091 3684796 8706
3712385 3715961 3577
3725180 3726195 1016
3728431 3729448 1018
3843132 3844416 1285
3847350 3847743 394
3857011 3858886 1876
3928205 3930462 2258
3991135 3993221 2087
3993499 3994981 1483
4023516 4023770 255
4036524 4036909 386
4095386 4103703 8318
4124096 4127912 3817
4130225 4134018 3794
4135851 4137061 1211
4137406 4137618 213
4171415 4175934 4520
4176452 4176873 422
4177813 4179168 1356
4185095 4191129 6035
