1 1255 1255
1427 11675 10249
13036 15306 2271
15947 29606 13660
30442 32596 2155
33667 38879 5213
39528 52036 12509
52074 54656 2583
55330 58575 3246
59480 61101 1622
61758 62666 909
63883 66447 2565
67405 67699 295
67794 71174 3381
75293 76611 1319
76655 77154 500
77233 77387 155
77871 78133 263
78170 82437 4268
82512 84680 2169
85301 101685 16385
102608 107774 5167
107815 108388 574
108656 131853 23198
131901 135918 4018
136293 136781 489
137275 141632 4358
142474 144618 2145
145289 146526 1238
147539 150877 3339
151583 155127 3545
156297 157372 1076
158011 160471 2461
161557 163112 1556
163141 164189 1049
164600 165866 1267
166460 167991 1532
168608 171715 3108
172788 173987 1200
175175 175498 324
176126 178245 2120
178463 182244 3782
182849 188085 5237
188110 189866 1757
191309 192190 882
193624 201509 7886
201533 207127 5595
207150 214114 6965
214157 217331 3175
217879 220019 2141
220408 223239 2832
223260 229050 5791
229938 231443 1506
231462 232065 604
232084 239810 7727
239837 260345 20509
261314 281770 20457
281809 286215 4407
286244 295253 9010
295424 308897 13474
308917 319369 10453
319424 346701 27278
346726 360421 13696
360451 365789 5339
365809 368841 3033
369234 376025 6792
376628 384956 8329
384975 392756 7782
393122 394087 966
394590 395317 728
396317 407770 11454
407790 408059 270
408079 410118 2040
410535 418145 7611
418170 420846 2677
420864 427276 6413
427897 428111 215
428432 431211 2780
431975 434504 2530
434637 434896 260
435037 445969 10933
448123 449959 1837
450583 450900 318
450944 453322 2379
457863 458058 196
459841 460183 343
460381 465500 5120
466488 468577 2090
470972 471358 387
472190 472392 203
473069 474497 1429
475204 476124 921
478390 478877 488
481501 481900 400
482741 483061 321
487011 487326 316
488345 489314 970
489842 490333 492
490990 492751 1762
494585 494847 263
495575 495929 355
496594 497134 541
498364 498807 444
500318 500738 421
501217 501485 269
501515 503737 2223
503757 505510 1754
506225 507699 1475
508383 512629 4247
514323 515625 1303
519538 519712 175
527593 528122 530
528804 529235 432
529833 533508 3676
533616 535654 2039
536028 539940 3913
540629 544296 3668
544862 546203 1342
546605 546879 275
547619 554859 7241
554879 557238 2360
557867 561015 3149
561615 564506 2892
565121 565616 496
566273 567103 831
568199 568881 683
569612 570538 927
571570 571831 262
571868 574293 2426
574991 575948 958
575990 576798 809
576820 578622 1803
578659 578991 333
584210 584437 228
584522 585653 1132
586355 586992 638
587015 587585 571
588462 589614 1153
590284 590835 552
591595 594392 2798
595096 596376 1281
597099 598825 1727
604346 607016 2671
607703 608874 1172
608893 611006 2114
611622 613689 2068
614307 614914 608
615280 616866 1587
616925 617120 196
617671 618929 1259
619638 620357 720
622193 627341 5149
628034 630503 2470
631155 633962 2808
634742 636356 1615
637785 637990 206
638794 644457 5664
644483 649181 4699
649203 652824 3622
653692 660995 7304
661016 662655 1640
662675 666727 4053
666756 670119 3364
670852 673388 2537
674039 677532 3494
677557 680965 3409
681485 684010 2526
684041 684658 618
685611 695322 9712
695395 695755 361
695775 698909 3135
699548 700561 1014
701006 701743 738
702452 703838 1387
704160 709966 5807
710606 712561 1956
713177 714680 1504
715358 715867 510
716172 731217 15046
731243 731833 591
732278 735135 2858
736395 736602 208
738084 744004 5921
744039 747016 2978
747706 749731 2026
750334 753050 2717
754185 757558 3374
758185 759489 1305
760805 761370 566
762118 771191 9074
771210 776567 5358
777205 777543 339
778129 784391 6263
784854 785010 157
785629 792957 7329
793678 810321 16644
810527 835464 24938
835484 837406 1923
837426 838105 680
838136 839847 1712
839878 847498 7621
847518 866366 18849
866396 883575 17180
883593 889367 5775
890042 892372 2331
892936 894697 1762
895439 895924 486
896585 898738 2154
901534 901722 189
905177 908714 3538
909279 910846 1568
911471 912072 602
912467 913151 685
913496 915863 2368
915905 916069 165
918164 921751 3588
922638 922904 267
923515 924770 1256
925241 925471 231
925911 926078 168
926113 929249 3137
931228 938616 7389
939317 939523 207
940254 940447 194
940473 940657 185
943891 946395 2505
948438 950214 1777
950857 951518 662
952170 954400 2231
955573 956031 459
956659 958508 1850
959424 960818 1395
961330 964384 3055
965030 965743 714
965764 966322 559
966929 968590 1662
969196 969724 529
969744 998287 28544
998315 1000474 2160
1001127 1001524 398
1002199 1004425 2227
1004464 1006352 1889
1007048 1010249 3202
1010297 1013869 3573
1014398 1019029 4632
1019091 1057495 38405
1057542 1062342 4801
1062451 1065717 3267
1065758 1068714 2957
1068795 1070387 1593
1071086 1080037 8952
1080574 1081163 590
1081596 1083877 2282
1084297 1095622 11326
1095645 1100230 4586
1100475 1102325 1851
1102850 1119997 17148
1121799 1125666 3868
1126311 1127793 1483
1127819 1128601 783
1128628 1142341 13714
1143536 1150586 7051
1150994 1151394 401
1151858 1157048 5191
1157723 1157970 248
1158375 1167449 9075
1167507 1170916 3410
1171057 1183906 12850
1183936 1208157 24222
1208938 1209789 852
1210440 1215447 5008
1215817 1217020 1204
1217686 1218279 594
1218764 1219956 1193
1220654 1226585 5932
1227095 1229953 2859
1230533 1233791 3259
1235256 1235423 168
1236041 1236551 511
1238084 1238460 377
1241410 1241774 365
1243945 1244198 254
1244496 1247961 3466
1248414 1252230 3817
1252262 1257494 5233
1257521 1259176 1656
1259900 1274751 14852
1275359 1280500 5142
1280640 1281959 1320
1282424 1287840 5417
1288502 1289637 1136
1289657 1323986 34330
1324800 1342074 17275
1342497 1343389 893
1344504 1344857 354
1344875 1353481 8607
1354744 1359031 4288
1359051 1360916 1866
1360936 1361148 213
1361840 1364253 2414
1364267 1364491 225
1365436 1370352 4917
1370959 1372542 1584
1372723 1373733 1011
1373760 1377952 4193
1378271 1396375 18105
1396934 1397941 1008
1397990 1402250 4261
1402275 1405329 3055
1405431 1413453 8023
1414114 1419609 5496
1419634 1421055 1422
1421093 1422398 1306
1422656 1423184 529
1423304 1426850 3547
1427471 1429627 2157
1430192 1435705 5514
1436358 1442687 6330
1443222 1444478 1257
1444498 1460578 16081
1460914 1470146 9233
1470726 1471828 1103
1472202 1474268 2067
1474737 1483244 8508
1483856 1486326 2471
1486761 1487265 505
1488498 1488805 308
1488861 1489154 294
1489221 1490216 996
1490843 1491990 1148
1492677 1494391 1715
1494889 1496608 1720
1496629 1500428 3800
1500954 1502296 1343
1503067 1505697 2631
1506358 1511947 5590
1512025 1517764 5740
1517816 1523410 5595
1523630 1552789 29160
1552827 1560364 7538
1560382 1562635 2254
1562670 1563734 1065
1564339 1571331 6993
1571360 1575255 3896
1575661 1581688 6028
1582348 1584717 2370
1584749 1588681 3933
1588993 1589343 351
1589961 1590902 942
1591540 1608815 17276
1609049 1614189 5141
1614792 1615209 418
1615681 1626601 10921
1627239 1627674 436
1628164 1628695 532
1628714 1633291 4578
1633547 1633758 212
1633764 1635944 2181
1636499 1640415 3917
1640435 1642282 1848
1642317 1656260 13944
1656845 1658206 1362
1659461 1660981 1521
1661644 1663540 1897
1664054 1664655 602
1664700 1665144 445
1665220 1665956 737
1666636 1671893 5258
1671930 1673593 1664
1673618 1674737 1120
1674768 1683780 9013
1683853 1685919 2067
1686308 1686507 200
1687040 1690032 2993
1690596 1693348 2753
1693993 1694455 463
1696312 1701287 4976
1701402 1703217 1816
1703544 1704036 493
1704480 1704704 225
1705171 1708845 3675
1709333 1719467 10135
1720046 1722430 2385
1723041 1723670 630
1723701 1725165 1465
1725859 1729339 3481
1729724 1730019 296
1730051 1731359 1309
1732229 1734466 2238
1735099 1735898 800
1735924 1741037 5114
1741718 1746746 5029
1747298 1747467 170
1748157 1749582 1426
1751158 1751926 769
1752560 1754394 1835
1754416 1766434 12019
1766452 1769185 2734
1771255 1776731 5477
1777338 1781122 3785
1781639 1782174 536
1782837 1790771 7935
1792196 1795040 2845
1795953 1797843 1891
1798401 1799780 1380
1800408 1800652 245
1802796 1804061 1266
1804710 1809574 4865
1810957 1811126 170
1811705 1812288 584
1812307 1812819 513
1813417 1814291 875
1816674 1817031 358
1818263 1819518 1256
1820022 1825241 5220
1825886 1834027 8142
1834678 1835971 1294
1837096 1839190 2095
1839637 1846117 6481
1846274 1846558 285
1848311 1853178 4868
1853832 1854066 235
1855294 1858805 3512
1859435 1864891 5457
1865508 1865697 190
1866130 1869702 3573
1870364 1871964 1601
1873025 1875611 2587
1876249 1878686 2438
1879355 1879940 586
1881114 1882247 1134
1882766 1882997 232
1883663 1884748 1086
1885260 1885580 321
1886304 1887854 1551
1888463 1888983 521
1889503 1897387 7885
1898255 1898700 446
1899850 1904336 4487
1904372 1910627 6256
1911127 1914223 3097
1914266 1919515 5250
1919940 1920771 832
1921425 1922725 1301
1923194 1923760 567
1923860 1924282 423
1924303 1928872 4570
1928907 1959789 30883
1960927 1965844 4918
1966162 1969963 3802
1970363 1973172 2810
1973814 1974273 460
1975428 1978638 3211
1978877 1981815 2939
1982477 1990887 8411
1990927 2004976 14050
2005056 2016236 11181
2016266 2024449 8184
2024496 2030255 5760
2030296 2040723 10428
2041144 2064394 23251
2064507 2065560 1054
2065675 2066213 539
2066235 2069249 3015
2069834 2072423 2590
2073137 2073449 313
2073971 2078805 4835
2079442 2101625 22184
2101648 2108934 7287
2109504 2136443 26940
2136660 2160975 24316
2160995 2161803 809
2161823 2178893 17071
2178918 2202421 23504
2203066 2210593 7528
2211049 2223805 12757
2223875 2228578 4704
2228599 2230126 1528
2230172 2240379 10208
2240916 2252630 11715
2253230 2256942 3713
2257017 2258713 1697
2259334 2263671 4338
2264288 2264813 526
2264877 2265848 972
2265871 2266348 478
2266824 2269791 2968
2269831 2301523 31693
2301540 2306532 4993
2307144 2308562 1419
2308618 2308976 359
2308997 2311643 2647
2312204 2317640 5437
2317658 2333567 15910
2333967 2355812 21846
2355832 2359913 4082
2361125 2373618 12494
2375392 2379521 4130
2379649 2379939 291
2380631 2382301 1671
2382780 2383290 511
2383387 2391189 7803
2392099 2402047 9949
2402708 2402927 220
2404341 2404540 200
2405826 2406792 967
2407442 2436175 28734
2436195 2440173 3979
2440201 2449009 8809
2449373 2452432 3060
2452854 2455853 3000
2456254 2473347 17094
2473932 2483762 9831
2484434 2484814 381
2485325 2490343 5019
2490396 2510593 20198
2510613 2511984 1372
2512006 2512864 859
2512886 2535902 23017
2536077 2554675 18599
2555203 2556760 1558
2557342 2559394 2053
2560018 2563881 3864
2563939 2564098 160
2564584 2594587 30004
2594605 2616070 21466
2616192 2621770 5579
2621790 2640453 18664
2641318 2661978 20661
2662014 2676572 14559
2676605 2683289 6685
2683413 2722707 39295
2723125 2725987 2863
2726009 2745560 19552
2745577 2754659 9083
2754715 2756915 2201
2757263 2786510 29248
2786996 2791295 4300
2791470 2794289 2820
2794307 2802104 7798
2802124 2802507 384
2802527 2803302 776
2803736 2822519 18784
2822542 2832860 10319
2833041 2833198 158
2834525 2835805 1281
2835824 2837187 1364
2837832 2847182 9351
2847776 2849258 1483
2849804 2863305 13502
2863555 2875263 11709
2875284 2877210 1927
2877660 2878839 1180
2879349 2880852 1504
2880904 2890392 9489
2891172 2893483 2312
2894075 2894770 696
2895439 2898100 2662
2898501 2900070 1570
2900102 2916831 16730
2917134 2918183 1050
2918333 2920239 1907
2920266 2930091 9826
2930285 2930479 195
2930502 2944655 14154
2945182 2946360 1179
2946937 2948050 1114
2948071 2952180 4110
2952202 2955463 3262
2955494 2961802 6309
2961817 2962014 198
2962127 2976514 14388
2976535 2979512 2978
2979532 3002295 22764
3002324 3009921 7598
3010483 3013084 2602
3013108 3033755 20648
3034289 3076703 42415
3077066 3077650 585
3078086 3085048 6963
3085337 3089376 4040
3089420 3091212 1793
3091281 3094490 3210
3095128 3098594 3467
3098930 3101262 2333
3101465 3101857 393
3101900 3121736 19837
3121757 3127407 5651
3127547 3128668 1122
3131621 3131777 157
3131827 3132015 189
3133436 3134797 1362
3134830 3136478 1649
3137152 3143654 6503
3144819 3158660 13842
3158702 3159746 1045
3160013 3167732 7720
3168208 3174635 6428
3175220 3182157 6938
3182706 3195150 12445
3195637 3195804 168
3196398 3197951 1554
3198579 3202457 3879
3202475 3211938 9464
3211958 3214154 2197
3214184 3214522 339
3215088 3216069 982
3216564 3217322 759
3217361 3218949 1589
3218982 3219162 181
3219906 3221564 1659
3222065 3223357 1293
3223395 3223973 579
3223996 3224166 171
3224223 3227822 3600
3227865 3230461 2597
3231050 3235098 4049
3235745 3240060 4316
3240085 3251597 11513
3252182 3252947 766
3252983 3257279 4297
3258428 3266308 7881
3266984 3267676 693
3268297 3269056 760
3269242 3269540 299
3269710 3280712 11003
3280733 3281328 596
3282022 3282791 770
3283577 3283798 222
3284368 3287604 3237
3287629 3288778 1150
3289491 3292534 3044
3292554 3294810 2257
3295533 3296418 886
3296823 3297015 193
3297774 3299410 1637
3300670 3302153 1484
3302744 3305581 2838
3305988 3306447 460
3306467 3313772 7306
3313792 3319282 5491
3319302 3323695 4394
3324335 3325262 928
3325304 3327776 2473
3329071 3332494 3424
3332516 3333377 862
3333512 3346142 12631
3347427 3353317 5891
3354164 3356839 2676
3357402 3361888 4487
3361909 3375452 13544
3376839 3378998 2160
3379554 3379905 352
3379949 3386901 6953
3386920 3389160 2241
3389185 3389812 628
3390123 3390324 202
3390380 3392653 2274
3393218 3396377 3160
3396399 3397813 1415
3397837 3398238 402
3398261 3398427 167
3398494 3399501 1008
3399525 3400481 957
3401133 3404992 3860
3405634 3411930 6297
3412936 3414166 1231
3414617 3415675 1059
3415698 3417562 1865
3418198 3424585 6388
3425757 3431353 5597
3431975 3433281 1307
3433919 3437638 3720
3437944 3438186 243
3438820 3439924 1105
3440412 3441348 937
3441964 3442697 734
3443447 3444530 1084
3447111 3448259 1149
3448855 3449642 788
3450573 3455756 5184
3456043 3460410 4368
3461014 3463481 2468
3464052 3468607 4556
3469504 3474097 4594
3474856 3475657 802
3476740 3482694 5955
3483346 3484390 1045
3485161 3487406 2246
3488062 3489922 1861
3489942 3492588 2647
3493066 3493571 506
3494084 3495326 1243
3495346 3496654 1309
3499137 3500108 972
3500573 3501416 844
3501443 3506773 5331
3506812 3508461 1650
3509881 3510365 485
3511003 3512441 1439
3513103 3513289 187
3514355 3532352 17998
3533003 3533730 728
3534330 3536212 1883
3536240 3537425 1186
3538843 3541411 2569
3541781 3543220 1440
3543849 3547065 3217
3549115 3550743 1629
3550929 3551785 857
3551804 3552932 1129
3552958 3560668 7711
3560703 3563578 2876
3563601 3564941 1341
3564961 3567902 2942
3567924 3570165 2242
3571643 3571998 356
3572937 3575559 2623
3576112 3576910 799
3577561 3581102 3542
3581122 3584297 3176
3584882 3587337 2456
3588550 3589017 468
3589845 3592635 2791
3592656 3594796 2141
3595448 3597260 1813
3597970 3599041 1072
3599728 3602884 3157
3603489 3606248 2760
3606676 3613705 7030
3614130 3618804 4675
3618852 3626477 7626
3627136 3633109 5974
3633596 3633814 219
3634446 3634759 314
3635389 3638660 3272
3638680 3644000 5321
3644213 3647045 2833
3647508 3651020 3513
3652125 3655179 3055
3655210 3659110 3901
3659960 3661225 1266
3661888 3662410 523
3662701 3667191 4491
3668646 3669638 993
3670075 3670430 356
3671798 3672424 627
3673106 3675828 2723
3677451 3678949 1499
3679363 3679558 196
3679584 3682495 2912
3683134 3685702 2569
3686333 3697943 11611
3697957 3698558 602
3699135 3699610 476
3700714 3702796 2083
3703117 3705307 2191
3706150 3710365 4216
3710936 3713724 2789
3715252 3721917 6666
3722992 3723161 170
3724513 3726360 1848
3726400 3728850 2451
3729529 3732856 3328
3733967 3735676 1710
3736801 3737878 1078
3738665 3739655 991
3739805 3740586 782
3740628 3741035 408
3741286 3742413 1128
3742988 3743535 548
3744178 3757462 13285
3757877 3760522 2646
3761704 3762747 1044
3762767 3763267 501
3764024 3767642 3619
3768265 3770914 2650
3772009 3774083 2075
3774836 3776832 1997
3776856 3777268 413
3777294 3778931 1638
3779601 3780198 598
3780219 3788444 8226
3788513 3789446 934
3790065 3790985 921
3791420 3797605 6186
3798260 3799244 985
3800430 3800906 477
3801566 3802244 679
3803622 3804445 824
3804466 3816048 11583
3816135 3828841 12707
3828868 3841276 12409
3845903 3846322 420
3847040 3847258 219
3847981 3848823 843
3848888 3858790 9903
3858874 3868955 10082
3869064 3869617 554
3869709 3870022 314
3870276 3872840 2565
3872925 3873116 192
