797 951 155
2117 2430 314
4676 4950 275
6831 7710 880
8019 8249 231
8909 9100 192
32556 33346 791
36306 36586 281
75041 87039 11999
96149 96407 259
96452 96728 277
97019 101866 4848
102186 103787 1602
146607 148036 1430
198130 198683 554
212137 213131 995
216567 217806 1240
239608 244174 4567
279262 280210 949
291533 293247 1715
329379 329994 616
349483 354846 5364
355717 358570 2854
358924 359228 305
359879 361836 1958
362131 365154 3024
365399 365808 410
366053 366385 333
368353 387862 19510
388066 392623 4558
398295 398468 174
408369 408562 194
408754 408989 236
457618 460611 2994
484615 485119 505
534269 535704 1436
546144 554547 8404
554674 557110 2437
557247 571464 14218
571478 578050 6573
578535 579253 719
579428 584012 4585
638355 638543 189
657924 658155 232
669615 669791 177
675108 675453 346
675536 676899 1364
709338 710624 1287
738645 738899 255
769333 769538 206
815502 849968 34467
850012 851969 1958
852738 852912 175
853678 857614 3937
865226 866449 1224
867022 867195 174
878567 878858 292
882143 882830 688
893713 893897 185
894760 911612 16853
912717 915461 2745
916792 927996 11205
928107 931716 3610
1024446 1024718 273
1025667 1026492 826
1033732 1035279 1548
1042973 1043273 301
1049026 1049329 304
1119745 1119941 197
1132228 1135643 3416
1296573 1296740 168
1338828 1340122 1295
1346609 1346776 168
1367793 1368257 465
1368405 1371021 2617
1383322 1383538 217
1384325 1384561 237
1385483 1385784 302
1387348 1388881 1534
1389945 1390125 181
1390915 1394150 3236
1400838 1402234 1397
1408740 1409032 293
1430530 1432102 1573
1433438 1433605 168
1433808 1434464 657
1442435 1442602 168
1479855 1480398 544
1492008 1492214 207
1520945 1521346 402
1531259 1532507 1249
1536475 1536975 501
1540662 1540846 185
1549406 1550689 1284
1550732 1552387 1656
1552762 1554321 1560
1554645 1559036 4392
1564139 1566042 1904
1566685 1566866 182
1567007 1568492 1486
1569054 1569628 575
1570130 1570763 634
1573629 1573963 335
1576077 1576459 383
1579900 1580104 205
1580760 1581947 1188
1582076 1582707 632
1583025 1583391 367
1583594 1583780 187
1584300 1585634 1335
1602469 1602736 268
1604242 1605302 1061
1607353 1607571 219
1609162 1609437 276
1610088 1610277 190
1610464 1610671 208
1610745 1614038 3294
1623496 1626070 2575
1626151 1626517 367
1627439 1628388 950
1630152 1630362 211
1630835 1633704 2870
1634353 1635078 726
1641316 1641534 219
1643151 1643357 207
1653119 1654337 1219
1656093 1657188 1096
1659466 1660725 1260
1660815 1661273 459
1661418 1661653 236
1662600 1663354 755
1663957 1664356 400
1664809 1665758 950
1668192 1671556 3365
1673040 1677107 4068
1677263 1677753 491
1678414 1678895 482
1685390 1686462 1073
1688382 1689917 1536
1690950 1692962 2013
1693066 1698229 5164
1699002 1699304 303
1701091 1701253 163
1715365 1716160 796
1739804 1740155 352
1939268 1939504 237
1948895 1950419 1525
1953876 1955273 1398
1965838 1967129 1292
1989497 1990929 1433
2011648 2012890 1243
2049403 2049596 194
2053732 2056659 2928
2081924 2082201 278
2103661 2103867 207
2115940 2128050 12111
2128819 2129819 1001
2166578 2167104 527
2174709 2174948 240
2175383 2177909 2527
2195802 2197358 1557
2219556 2226317 6762
2242005 2242230 226
2242926 2243596 671
2248852 2249014 163
2250005 2251565 1561
2258083 2259367 1285
2299091 2299666 576
2301021 2301736 716
2311337 2312606 1270
2329378 2331064 1687
2381425 2381576 152
2469801 2472062 2262
2504016 2504907 892
2516521 2518135 1615
2605857 2606594 738
2618372 2619002 631
2619033 2621406 2374
2624319 2625136 818
2628121 2629634 1514
2648749 2648997 249
2687856 2689242 1387
2706200 2706435 236
2706472 2706710 239
2706919 2707775 857
2737524 2739689 2166
2742695 2745712 3018
2746741 2747822 1082
2750641 2754550 3910
2767433 2770263 2831
2771343 2788167 16825
2788212 2813953 25742
2825545 2825720 176
2843077 2843389 313
2843418 2850319 6902
2857558 2857711 154
2874520 2874687 168
2875263 2875537 275
2876087 2876304 218
2879615 2879771 157
2905477 2905629 153
2913685 2913951 267
2914043 2915418 1376
2924032 2926194 2163
2930170 2930377 208
2932106 2932774 669
2945140 2947536 2397
2950530 2950807 278
2952290 2955071 2782
2955722 2955940 219
2956415 2956707 293
2958378 2961126 2749
2961736 2962020 285
2962232 2967587 5356
2967811 2969415 1605
2969597 2971807 2211
2972053 2972372 320
2972436 2975114 2679
2975134 2979639 4506
2981263 2984381 3119
2984889 2985444 556
2994495 2994796 302
2995123 2996285 1163
3000609 3002576 1968
3028099 3029402 1304
3043730 3044746 1017
3057762 3060688 2927
3077675 3082536 4862
3127226 3129129 1904
3164881 3166361 1481
3167521 3168340 820
3170237 3171484 1248
3172908 3173840 933
3184440 3184638 199
3186177 3186356 180
3211160 3211579 420
3213099 3215395 2297
3218716 3219038 323
3223152 3227531 4380
3246887 3247440 554
3256068 3257017 950
3257661 3257834 174
3276535 3278927 2393
3284742 3287395 2654
3294277 3295880 1604
3307192 3309351 2160
3315358 3318082 2725
3343502 3344107 606
3349142 3349509 368
3354807 3360728 5922
3361147 3361633 487
3363406 3364719 1314
3369691 3369947 257
3370855 3372128 1274
3381188 3381390 203
3382210 3382457 248
3384230 3384727 498
3386398 3405018 18621
3406490 3408216 1727
3419233 3425612 6380
3605380 3606301 922
3606751 3610335 3585
3610391 3613589 3199
3615409 3616888 1480
3620662 3624309 3648
3659141 3664295 5155
3666448 3666604 157
3671535 3672901 1367
3674739 3677988 3250
3688296 3690686 2391
3695976 3696679 704
3699368 3700053 686
3704941 3707177 2237
3720315 3720725 411
3725297 3727246 1950
3732963 3733173 211
3736389 3738761 2373
3739248 3740018 771
3741087 3741315 229
3741453 3742904 1452
3747002 3747315 314
3747405 3752553 5149
3760366 3761233 868
3761385 3762808 1424
3763366 3764833 1468
3765821 3767925 2105
3770120 3770961 842
3777137 3781849 4713
3797879 3798157 279
3798218 3798596 379
3804003 3804752 750
3822246 3824197 1952
3826841 3827002 162
3853668 3855436 1769
3877471 3877736 266
3900794 3901162 369
3909859 3910042 184
3934642 3935616 975
3935682 3939241 3560
3942552 3943692 1141
3952862 3953019 158
3960231 3960402 172
3963856 3964462 607
4014039 4014459 421
4014527 4014725 199
4018784 4018965 182
4022521 4029645 7125
4060521 4065078 4558
4101291 4108008 6718
4108688 4108846 159
4109247 4109609 363
4109818 4114729 4912
4118440 4123019 4580
4123143 4123439 297
4125900 4132099 6200
4181176 4181593 418
4209062 4210926 1865
4211686 4213395 1710
4213792 4214246 455
4266723 4267525 803
4270485 4270765 281
4277114 4277269 156
4277369 4277576 208
4278161 4278807 647
4279005 4279385 381
4281364 4281524 161
4281924 4282995 1072
4285851 4286027 177
4286081 4286362 282
