154750 154945 196
169804 170105 302
176374 176766 393
202266 202424 159
213197 220137 6941
238563 239441 879
239544 239828 285
242094 243814 1721
251532 252259 728
277361 278253 893
287370 287630 261
318983 320731 1749
327376 329615 2240
339570 339820 251
340686 341093 408
360841 361221 381
385220 385449 230
409004 409185 182
454656 455314 659
513929 514297 369
514775 514976 202
524317 525576 1260
529484 534441 4958
534630 544142 9513
544333 548360 4028
548699 549173 475
549220 549767 548
552038 553457 1420
556091 559034 2944
560796 567623 6828
568124 568319 196
569035 569242 208
570090 570272 183
572799 572961 163
573402 574576 1175
575602 580616 5015
581501 581670 170
586260 587116 857
591891 596143 4253
599072 603970 4899
621600 623430 1831
651901 663146 11246
670762 674872 4111
687861 688027 167
737370 737536 167
739211 747416 8206
757408 757682 275
788673 789374 702
818858 822885 4028
846289 849670 3382
874900 876294 1395
878510 878703 194
886763 887273 511
899068 903675 4608
911956 913859 1904
954542 954928 387
957662 959180 1519
972255 972409 155
980727 981197 471
1014039 1015498 1460
1049094 1049308 215
1060194 1060401 208
1068214 1068497 284
1122737 1123977 1241
1133740 1133958 219
1146055 1146605 551
1159076 1159421 346
1167886 1168073 188
1177647 1177819 173
1214024 1214657 634
1262953 1263272 320
1263564 1264891 1328
1265099 1270024 4926
1270194 1270423 230
1276869 1277055 187
1277578 1278191 614
1278454 1278611 158
1279095 1279248 154
1283754 1284681 928
1314385 1315760 1376
1334815 1336686 1872
1336945 1337307 363
1343497 1343695 199
1343917 1344425 509
1344818 1345138 321
1393756 1394107 352
1405661 1405869 209
1443935 1447028 3094
1483701 1483857 157
1506038 1506420 383
1514442 1514664 223
1539802 1539994 193
1541939 1544401 2463
1557700 1557995 296
1574499 1574666 168
1780224 1781483 1260
1782441 1860006 77566
1860431 1861570 1140
1873723 1874007 285
1879824 1881068 1245
1881351 1882964 1614
1883684 1884909 1226
1885642 1887254 1613
1895244 1895640 397
1895817 1897942 2126
1899351 1901063 1713
1901492 1901886 395
1902109 1902596 488
1902998 1903685 688
1904339 1904812 474
1905298 1905765 468
1906601 1911461 4861
1916225 1916531 307
1916634 1916848 215
1917090 1917275 186
1942115 1942371 257
1945747 1945907 161
1951535 1952811 1277
1955159 1955377 219
1955386 1955562 177
1957589 1958040 452
1971677 1971830 154
1975846 1977246 1401
1977550 1978333 784
1980958 1981817 860
1985557 1985863 307
1993335 1993494 160
1998760 1999114 355
2007169 2007337 169
2007351 2007530 180
2021145 2021321 177
2022356 2022556 201
2024326 2024625 300
2027745 2028777 1033
2029365 2033002 3638
2033299 2033544 246
2033784 2034751 968
2035822 2039176 3355
2039419 2041323 1905
2041551 2041970 420
2042941 2043162 222
2044814 2047637 2824
2048354 2051340 2987
2055589 2056228 640
2056698 2057771 1074
2058090 2059898 1809
2060259 2060834 576
2060861 2061259 399
2064399 2064949 551
2064967 2069234 4268
2069536 2070676 1141
2070711 2071212 502
2072217 2072808 592
2073640 2074265 626
2074421 2075351 931
2075601 2076031 431
2078527 2079003 477
2081448 2081826 379
2092350 2092806 457
2097671 2099393 1723
2125083 2126147 1065
2126559 2127052 494
2150542 2150722 181
2151849 2169710 17862
2169974 2191538 21565
2192348 2192600 253
2193273 2193763 491
2193847 2194961 1115
2195034 2195505 472
2196062 2198075 2014
2198869 2211892 13024
2213531 2218418 4888
2218456 2221960 3505
2222215 2270404 48190
2272083 2272818 736
2274013 2276629 2617
2278104 2280261 2158
2280597 2287042 6446
2313015 2313289 275
2314070 2314538 469
2413098 2414206 1109
2433052 2433303 252
2433540 2435310 1771
2466192 2466603 412
2560213 2560363 151
2587645 2587943 299
2653335 2654585 1251
2655139 2655319 181
2655752 2656834 1083
2657825 2661035 3211
2661513 2664670 3158
2664930 2673508 8579
2673887 2689433 15547
2689708 2699344 9637
2699450 2700685 1236
2701793 2702147 355
2702405 2707765 5361
2708888 2720520 11633
2722599 2730536 7938
2730893 2734827 3935
2735578 2740648 5071
2740914 2741281 368
2742280 2747996 5717
2748096 2750763 2668
2751818 2755376 3559
2755890 2756177 288
2766152 2766422 271
2767114 2767410 297
2802258 2805299 3042
2847459 2847845 387
2848405 2848727 323
2871723 2872180 458
2932504 2932678 175
2953806 2953990 185
2998730 3009867 11138
3022312 3022532 221
3051345 3051526 182
3051644 3051916 273
3070871 3071040 170
3117337 3117559 223
3154732 3163134 8403
3200536 3200779 244
3254434 3256618 2185
3263885 3264179 295
3267894 3268697 804
3268712 3268914 203
3305318 3305587 270
3335017 3335751 735
3447469 3447704 236
3464070 3467525 3456
3471864 3472528 665
3542860 3545814 2955
3609222 3609416 195
3609885 3610044 160
3667149 3672311 5163
3718670 3718941 272
3722593 3722956 364
3725180 3726208 1029
3728845 3729409 565
3741613 3742172 560
3750882 3752345 1464
3761756 3761930 175
3764211 3764940 730
3831091 3831575 485
3841765 3841933 169
3847325 3847779 455
3886097 3888693 2597
3890061 3890919 859
3982253 3983042 790
3986397 3987852 1456
3992759 3994533 1775
4004359 4004783 425
4012691 4014540 1850
4022959 4030561 7603
4032152 4033224 1073
4033320 4035922 2603
4036202 4036388 187
4037222 4037660 439
4095358 4103842 8485
4105079 4105319 241
4109433 4110891 1459
4118483 4118809 327
4124097 4127956 3860
4130066 4134193 4128
4141528 4141681 154
4147171 4147361 191
4171422 4172060 639
4172774 4176899 4126
4177616 4179192 1577
4182633 4186001 3369
4187663 4189314 1652
4189682 4190765 1084
